[  27 -12 -20   7  -2   2  -5 -18 -27  -4  -6  11   2   0  -1  11  16  17  -2   9  -7   2  23 -13  13   8   1   0  -3  -7   8  20 -13 -17  -6   5  -7 -12  -9   8   3  -5  -2  23  14  -2   0 -24   2 -11  12  -8   0   4 -18   1  -9  -5   4  23  -7  -2   7   6  10   9 -13  -5  -5  12   1   3  11  -7   6 -10  -5   0 -12  -1  -7  -4  -7  -4   2   7 -12  11  -2   9 ]
[   2 -10 -21  18 -12  -7 -15  10 -11   3  10   9   3   3  -2  -1  13 -10  -2  18  -5   3   6   2  19   7  10   7  13   7 -18  19 -40  -6 -15   1   4 -12   4  -8   6  14   7   6  11 -10   8 -11   2   7  10  -7  -4 -11  11  -9  14  -9   7   2  20  20   9  16   2  -2 -11   3 -11  13   0   6  -5  -5 -16   2   4   9  14 -24  -9   0  -7 -16 -18   8 -17  19 -11  13 ]
[  -8   5  -2  -9  14  -7 -13  11  -2  -2 -10  -7   2   4  12   8  15 -13  13  18  -7   8  -4 -12  -4 -15  10  12   0  19   1   6 -36 -13  10 -11  14   1 -18 -32 -10   4   5  -5  -5  -4  -5  14  18   2  10  -3   6  -9  19  -5  -4 -21   8  -1  14  20 -12   4  13   0  12   8  -3  10 -23   1   4 -18  -5   4   8 -15   6   3 -14 -12   5 -23  -7   9   3   7   1   4 ]
[  17  -4  -9  10  -1   0  12   6   0   7  17  12  -7   1 -26  -3   6   2  -7 -13  -6 -24   3  20  29  19  27   3   8 -14   3  10 -11  18 -14   4  -6 -28  -8   6  13   1  19   6  13  -3  -7 -29  -8   5  27 -23   0  10  -7 -28  22   6   4 -10   8  12   9  -5 -17  -7 -15   1 -22  15  11   0 -17  -6  -7  -1 -14  11  -7  -7  -4   1   5 -17   0   5 -22  30  -5  17 ]
[  13   1   1   3  -6   6 -27   8 -21  13   0   2   7   9  -2 -15   4  -6  31  -4 -17  30   6  -8   8   4 -14  10  18  10 -14  11 -38 -14 -13   5 -11   1  -2  29   5   7  -6   2   8   5   7  10 -32  -3  -5  24  -6 -11  16   2   3 -11  -3   7  -1   2   3  25  17  -9  -6  -5  -2   0  12  -1 -11  -6  -2 -18  19  -5  -3 -20  -2  -2 -13   6   4  -5  -4   6  -4   3 ]
[  10  26   8  11 -11  -9 -39  20  -3  10 -11 -13   5  12  15 -11  -9   3   8  -4  33   3   0 -16   4   6  -5  15   6  17 -28  13 -16  -1   2 -13  -2  -1  13 -12   7   7  -2  -9 -11  -6  -2  23   5   0 -14  25  -1   0  30  10  15 -15  13   7   5  18   1  21  11 -15  17   5 -15 -10   8 -14  -4   1   6  -5   3  10  -2   6  -3  -3   2  -2  -2   1   3  -3   0 -23 ]
[  -1  -7  26  11  -5  16 -16 -15   9  -7   9  -8 -17   9  10 -16 -18  -5   2  -1  -1  10   0  -2 -13  -5 -16   7  12 -11 -14 -17  34 -11  -8 -15   6 -11  -5  23  13  -4 -13  12 -14  -1   9  27 -28  25  -8  17  17  -1   1   9  -7  -6  11   7  10 -24  12   5  20 -12   7  -1  11 -18  12 -19 -11  25   5  -6   5   5  -6   7   1  11 -12  20   5   0  11 -16   0  10 ]
[ -26  -6  10   3  13  -1  12  -6  -3 -19   9 -13 -17  -3  -4 -25 -15  -9  -8 -30 -32   0  -4   7  -1  15  -6  -8  19   7   8 -20  30  20   1  -3   2  -5   1  18  11  -2   1  -6  -8 -14  22  19  -1   5 -13   6  42  -2  -5 -11  -1   2   3  -4  10 -26  -1 -10  10   0   9  -1  25  -2  11   4 -18 -10   9 -12  -5   7   0   8  17  12   2   6  11  -3  24 -31   6   3 ]
[ -11   4 -20  10   4 -12  12  -9   1   5  12  16 -22 -19   3 -29   4 -10  12 -11 -11   3 -31   7  12  18  12   5  -1  10   6   7  -5  27 -36 -21  -3   6   7  -6  22   5   8   5  -2 -10   8  -9   2  -2  10 -14  26   5  -2 -18  27   5  21 -10  21  11   8   0   2   1   5   5   7  15   0  14  -8 -10 -17  12  -8  14  12 -15   2   1   9   1 -12   1 -17   4  -6 -15 ]
[  -8  -5   0 -14   6 -14   4  11 -21 -25  23   1  12  11   7   1 -11   1 -11  -4  -9   6  -4  -6 -25  -3  -9  -1  -6   1  38  -7   1 -11   2   5  13  21   4 -17  -3 -17 -10 -10 -11   4   5  -3  10 -18 -22   5  16 -15 -23   1  -2  -5   7   6  -2 -19 -22 -27  10  15  -1 -26  10 -11 -15  15  20 -10   2  -1  15 -21   0   8   9   1  13  -7  13  -8   2 -37  11 -24 ]
[  41  -2  -2  18 -18  10  -5 -12   8 -18  -4 -13  -9  17 -12  11  17   6   8  -3  -7 -13   6   2   8  -1 -13   6  24 -22 -30  18  14   7 -15  -7 -10 -36  -2  20  -3   6   4  14   6  15 -11   4 -47  16   9   0 -11   8  16   0  17  12   7  11 -10   6  20   3  12 -16  -1  14  -8   8   4  -6  -6  13   3 -11 -26   2  -4   6  -2 -13  -9   9 -13   3   0  10  -7  16 ]
[  15 -16   2  14 -17  -2  -9  -7 -27 -40  -1 -16  -5   6  -6   0  16 -14 -15   4 -23 -12  10  -5  -7   5 -26   2  31 -12  16   6  24 -12  -1   1  10 -14   6   6   2 -21 -14   8  19  -3  10   0 -34  -5 -21  -2  -4  -3 -10 -10  14  -4 -10   2  17 -42  12  -5  14  -7 -14 -27   1  -1   8  -4  20   9  -5   3  14   1  18  -7   9  13 -11  -5   5   0   2 -24  10   4 ]
[ -17  -4  25  14  -5  19   8   7 -23  -9 -13 -13   8  -3   4  -7  10  12  -6  -3   6   8   2 -10  -6   0 -21 -10  -7   9  29  11   8  14  15  16   4  12  18   5  11  -3  -8 -16  17 -15  31   5   6 -15 -28  16   8  -5  -4 -12  -1   1 -13 -23 -14 -16   2   1  -5  -4 -13 -26  10  -9 -11  11  11   4  11  -5  -6   6   8   4  17  16  -6   6  18  -2   5 -15  20 -22 ]
[ -13  11  22  -5   5   7   5  35  14  16  18   6  35  20 -12  18  -3  -7  21 -16  -9  23   4   2  -5  -8  -6  14  -8  -3  -2   4 -27 -18   7   4  -3  15  -3  10  -4   1   8 -15  -7  24 -19 -22   3   5 -20   7 -14   8  -2  -4   1  11  -8  20  -9  19 -32 -13  -4  10  13  -2 -12  -3  -2  10  -8  -8  -1 -10   6 -16  -2 -19  -6   1   0  -4  -2  -2  18   7 -11  -3 ]
[  13  17 -10  -1 -17 -11   6  12  13  -6  31   7   7  26   7  14 -12  10   8 -32  12  -1   5 -20 -19 -15  11  -9  -9 -34  -3 -18  13  -9  -8   4  -8   5  17   9   5  -8  -1  -5 -14  28 -14 -12 -36  -3 -11  -2 -24   6 -17  13  -4  33   2  25  -6  -3  -8  -8  -9   7  10   2  -1 -10  27  22  -1  -8  -1 -16 -13 -27   2   0  -3 -21   3   9  -4 -27   6 -11 -11 -15 ]
[  -4 -26  -7   7  18  -7 -35  14 -12  -1  22   4   7  11  -4  -3 -22   2  -9   8 -10  11  32   6  14   3   7  -1  10  19 -12  -9   5 -10 -15   2  -9  -7   5   5   1  -4  -8  29  -2 -30  26   0  14  10  -5   9  30  -6 -17   4 -11 -21 -10  15 -11   1  -6 -14  24   4   4  -9   1  -9   1   2   4  13  14 -15  11   5 -12  -2   0  11 -11  13  19  33   9 -11   2  24 ]
[  -2  -2 -15  15  -1   2  18  -8 -30   4   3   4   8 -14   0  -9  18  27 -22 -22   8 -34  13  -8  13  38  12 -12  11 -20  27  -5   5  14  34  15  -2   6  -6  21   9 -13  -2 -12  28  -3   7 -36  26 -38   2  -8 -13  11 -16   5   0  15  11   4   8 -12   0  10 -13  -8 -11  -6 -14   0  28  -2   6 -13  -3 -18 -21  19 -12   9   8  -7  -2  -5  12  -9   2  -3  12 -28 ]
[  -2 -22 -15  21 -39   6 -11   2 -21 -16   8  -7  30   0   9  12  22  14 -28  17  11  -5  14  12   5  25 -15   8  20   1   3  29 -15  -7  16  -9  15   6  17 -13  -5   2  -5 -12  10  15   1 -10  26 -11 -27  -6 -11 -13  -7  -7  -4 -15  22   2   9   1  12  15 -13 -16 -25 -28 -25 -13 -14   2  13  30 -14  -1   8  34  16 -13  -8  22 -16  -8 -12  -1  -4 -17   3 -34 ]
[  12  -9 -16  -8   0  -8  -7 -17 -12 -15 -18 -11  -4 -21   7  11   0 -12  -2  -9 -21  -3   0   0  -2  -1 -20  16   3  24  -4  -3   8  10 -16  11 -22  -1   3   2  -8  -6  -2   6   5  -3 -13  -5 -15  -3 -19  -9   2   9 -18  10   7  12 -20   1  10 -37 -19  -8   2  13  -4  -4  22  23  34   4  20 -12  19  10   5  -4  19  -1  15   3   3   1   0   1   5   3  -7  16 ]
[  14 -18   3 -24  19  30 -14  -4  -8  -5  -4 -16   9  -9  19  11   8   0  -8  18   4 -24   4 -10  -1 -21  13   3   6   3  -8 -21  14  13  15   0  -2  16 -39   7  -6 -17  -8  14   0 -13   4  20  12  23   0   6   6  12   6   4 -21  -9 -17 -17   2 -17  -5  -2  21 -12   3   5  14  -8  -2  -8   6  14   8  -4  -8  10  -8  17   1 -18 -17  12   6  39   7  13  16  27 ]
[   7  -3 -15 -15   2  10 -24  12  -6  29   1  -2  -4   6  -6 -11 -14  -8   1  25  11 -16   7   4   9  -9  11  15  18   6 -29  -1  -5 -27  14  10   2  -9   1  22  -1  23 -19  12  -6  -8   6  17  15  20  10  13  -6 -13  24  11 -21 -23  -6  -5   6   9  19  41  10   4  -5  12   8 -22  -5  -5 -20   9   1  -8  -5  17 -10   1  -8 -16 -13   4   0  27 -16  22  15  33 ]
[ -21   4  23  17   5   5  -2   2  -8 -29   7   4  22   4  33  11  -3   7 -21  18   1   9  13 -15 -11  -3 -11  10   5  -4 -16  -3 -22 -25  -1   8   4   5   5 -12  -2 -11  -2 -14   9  17  -3 -18  15 -11   2   5 -12  -8 -13  18   8  12  -1  20  14 -14 -31  -6  -2 -11  -6  -1   2   5  21   2  16   2   2   1  14 -11  24 -22   5   5   1 -29   1 -14   3 -19 -17 -11 ]
[ -18  20   5  23  -1 -11 -13  -9  22   6  15   6 -16   6  22 -13   0  15  14  11   2  12   9  -3   8  -7  18   3 -14  13 -30  -2  22 -18  -2 -22  10 -13  29  -4   1  10 -22   3  -3   6  -5  -6   9  13  27  -9   7   5   1  13 -15   6  22  16   3  12  15  35   4  -4  28   5   2 -12  11   5   2   9   5 -16 -17  -1   5  -1 -14 -20 -11  -8 -11   1  16 -11 -13 -10 ]
[   2  23   4 -19 -15 -10  14   8  13 -12   1   7  11  15 -32   9  -9 -20  15  12  -8   4 -13 -12  -8 -15 -40   0 -12   3  14  14  -5 -21   6  11  24  40  21  -3 -19  -7 -25   2  -3   4 -17  -2  -7   6 -26   7 -20  -8  -3   3  18  -9 -22  23 -21 -10 -11 -16   8  31  14  -6  12 -17 -17 -11  16   1 -17  24  16  -6   4 -15   7  12  -4   8 -31  -2   5   1   1  -2 ]
[  -1 -15   0  17 -25  -5  -6   4  16  -5  17  -4  -5  11  27   1  -9 -16 -18   7  27  -3 -24   3 -33 -12  -6  15   5 -10  -6  -8  -5  -7 -32 -23  15  -6  13 -41  20  12  19   0 -16  15 -12  23 -12  18  -4  -4  18 -14  17  -5   4  15  25 -20  10  14  15  12   3  -2  -9  16  -3  -5 -26  28  -6  11 -16  17 -10  14  35   8   2   0  14  -2 -11  -5 -29 -19  -1 -14 ]
[  -1  11  36   1   6 -10 -11  26  12  17  10   3  10  14  -5   1 -34  -6  13 -10  37  29  -4 -25 -15 -18 -14 -11 -11   3  21 -11  -2  -3   6   1  14  25  18  -8  -2   6  -3  -7   0 -27   3  16  -9 -11   6  31   4  -5  12   9  21  -5 -21   1 -23   5  -5 -13   4  11  12  -8 -25 -16  -4 -13  11  -7  -2   6   5   3   3  -4  -1   8   4   5   7 -10  11  -4   8 -13 ]
[   0  -4  -6   0 -14  -8 -10  16  -3 -11  -8  -5  10 -11  22   7   8   2 -15  23  20   2   9  -3   0   3   3 -21  24  10 -22   8   8  22   1 -16   1  -4   7 -21 -20  -8   0 -12  27 -10  11   7  10  -1   5  -3 -14   2  35  11   0   4  -9 -17   7  30  10   9  -4 -23  12 -10 -14  -6  -7 -24   9  26   2 -14  -4  28  21 -13  -2  -6 -15  -7 -12  14   7  -7   9 -15 ]
[  -4   4 -11  36   1 -13 -21   2 -20   8 -17 -11  16   5   8  -8   3 -16 -14  11  25   0  -7 -12 -15  14  -4 -10  18   9   3  12 -14   8  14  11   8   6   8 -13  -2   6  -1 -24  13 -23  32  -6  20 -23  -7  20 -11  -7  11  -3  33  17  10   5  -1   7  14   6   2 -12   0   7 -16  -2  -5  -1  19 -14  -4  11  -2  22  15  -4  17 -16  11  -7   1  -1  17 -14  18 -27 ]
[   0   7   1 -14  -2  -2 -12  20  26  22  -7  -2 -11 -10  -6  10 -17  11   6  17   7   6 -26  14   6 -16  12   5 -27  18 -20 -10  13   4  17 -10   2  -8   9 -14  -6  25  -3  -2 -33  -9 -15  32  22  22  12   3   4   3  19  21  -6  -9  -5 -16   6   1   1  -3  -4  29  26   7  -9   4  -1  -3   3 -11   7   2  -5 -23 -14   9 -10 -18   4  22 -15  14  19  19 -22   6 ]
[ -25  -3  37 -11   1  20  38   4  -3  -8  10   7  -7  -7  -3 -16   3 -20 -11   5 -41  -5 -25  29  -9  28 -17   6  18  -9  21  -1   7  -3  -1 -30   2 -12 -24   3  19   3  20  -3  -6  21  -4   2  10  14  -6   8  36   2  -2 -27  -6  11  10 -14  18  -8   1 -12  -5  14  19  -6  27  -9  -4   3 -19  11  -6 -15   5  16   8  -2  10  12   7  -2   4  21  -3  -6   1  -1 ]
[   4  15  18 -22  22  24   3 -22 -23  -1 -18  -5 -16 -16  39 -15   6  22   2 -22  -4  -4   0 -32  11   3   9  14  -8   3   5   6  11   9 -14 -22 -18 -19 -21  23  37 -26  -8   5  -2  -4 -12 -13   8  13   9   3  35  47  -7  -2 -23  -9   7  -1  17  15  -7   9   2 -10   8   8  17  10  13 -13 -11 -22  19 -23 -13  -8 -11  19   3   6   2 -19  13  13  10   9   3  -4 ]
[ -20  -9  -1  29  -8  18  18  -8   9 -20  -8  -1 -12   2   4  -3 -27   7  -3  -6  -9  14  44 -10   8  -1   9 -32  15  -1 -12 -13   9  17   6   4  -2   7  27  22   2  12  15  23   8 -20  39  22  -1  -3  12  -2  10 -17  -6  -9 -29 -15 -18   6  -4 -12  13  33  -2 -20 -13   6  11  -2  -5  15 -28   8   2  -6 -16  12  13 -30  -6  24 -31  13   4 -15 -11 -16   0  16 ]
[  22  25 -26  19 -27  -9   4  -6  -3   1  -1   0  12  24  -4  -1   9  10 -12  -8  25  -4  21 -29  14  11  19 -17 -17 -16   6  21 -27  26  10   2  20   7   1 -13  -4 -14  20  -7   0  -5  10  -5  19  -4   0 -13 -13  -5   8 -28   4   0  15   1 -14  19  31   5 -16 -21  -1  -8 -15   7  -9  -7  -1  13   0  -2 -19  -2 -16  -5 -21   4 -10   0 -15 -20   1  15   9  -6 ]
[   7  -6 -15 -13  -6  -2  12  13 -25   7 -23  21   7  13  -2   3  27 -22  -5   6  14  40  -5 -19 -12   6   0 -15  -2 -16  39  12 -34 -12  -7  18  13  -4 -17 -18  -2 -21  14 -17   8  -5  13   4   5 -23 -16 -14 -19 -13  -4 -33   1 -11   1 -16  10   4  16 -12  -7  11 -17 -30 -13  26 -15   1   4  -4  11   6  24 -16   2   0  -1  -6   6 -16  15 -15 -11   8  29  -7 ]
[  14 -19  22 -16  19 -11 -37  -5  -8   6  13 -11  26   2   8  -3 -15   4 -14 -14 -18  23  35   9   9  -8  12  20  -8  17  -9 -17  10   1   3  -3   1  -1   0  -2   1  -1  13  27  -9   2  -1   7   8   7  18   5  36  -5   2  -5 -33 -18 -14   0  -4 -23   1   4  23  -5  -6 -22  -8  -7  -8  15 -12 -14  15  -6  10  -1  -3  -6  -7  24 -13 -14  21  -6   6 -18 -24  34 ]
[  -7   2  34  19  -9  11 -18  27 -10  19  18  16  30  16   9 -24  -1 -12 -23  20  28  24  -2   2  -7  10  10 -12  13 -12 -19  -2 -16   8   6  14  -6  24  -6  28  15  17  16  -4 -10 -26  47  13  12   0 -16  34   2 -15   7  -8  26  -8 -10  -4  13  -9   7  -1   7   1   0 -22 -16 -11  -8   3  -1   8 -16  11   9  15  14 -26  11  -3 -21  17  -7   8  -3  -9 -20 -10 ]
[ -13 -25 -12  -9   8  -9  -4 -29   8  -9   0 -11   1 -14   9  -9  12   0   5 -13 -24  34  14  16  13  -3   0 -26  17  -9 -16  -9  33   8 -23 -10 -15  11  15  10 -23   7  -3  -2   0   5   4   5 -38 -21   4   6   3  -1 -13   6  -6  17  -1   6  -9 -27  34  -8   6 -14  -8 -13  20  27  26  21  17  17   9  -2   5 -23   0 -13  -8   1  -6  13  22 -22  32 -38   2   7 ]
[  21   3  20   4  -5   4  26 -27 -17  -7 -10  -7  18 -22  13   5  32  10 -25   7  13  -4  20 -15  -5   7 -11 -20  -4  -6  15  32  20  38   4  -3 -16  -5 -12  21 -13  -5  -6  -5  10 -20  21 -33  10  -9  -5  10   8  20 -11  -1   9   9  -1   8  -2  12   2 -13  -5   4   4 -22   9  -4   2 -12  20 -23  10   4 -26  22  10   9  29 -17  -7 -12 -16  15  20  -3  13 -25 ]
[   2  19  19   9 -13  16   1 -17   5   3  -9 -20 -28  -1  -9 -10  -2  13  11 -10   7 -29 -11   7  23  12  15 -11 -22  15   5  -4  14  36  24   1  15  -5  -7  13  21   6  14  -1 -12  -8   0  10  -9  25   9  -2   3   2  -2 -20 -27 -15  13 -13   2  -1  25  22  -9 -16  -2   0  -1 -14  -2 -15 -37   2  14   6   3  27 -22  29   2  12  -1  -1   3   2  -1  23  -9   7 ]
[   3  -5   4  18   0  15   1  -2   2  19 -19   0  -9 -30  15   1  12  17 -22  -1  21 -10 -10 -11  10   7 -18   1 -20   7 -16  17  -1   0  14  -1 -23   2  -7   1  -5   4  12  -6 -16 -13  14  20  28 -16 -25   9   9   7  20  20  11   7 -10 -10   7 -21  -3   5 -17  11  -8  13  -8  19  19  -6  12  -7  -7  28  -1  23  -3  -1   0  12  -6  28  -4   7   2  16 -10 -15 ]
[  12   3   2  25 -22  -5 -33  -1  16   3 -19 -19   1  -3  27  27  21 -17  17  -4  36  -9 -14  -1 -22  -8  10  17 -12   4 -12  -6  18  26  -6 -32   5  11  12 -40  20   2  17   7 -12   6  -5   8 -20   9  -9   7 -19  20  34  -1  15   5   8 -16  20  -2   8   4   7 -16  18   8  -5 -11 -17  14  22  32 -12  10  -5   0  10  -5 -14 -12   0  17 -10  -1  -4  -6  -8   5 ]
[  10   6   4 -11   9  21 -20   7 -19   6  -1  -2  21  10 -16   4 -20  -4 -10  28 -10   4  -1  16 -16 -16  -3   6  11 -14  11   6 -14 -33 -17  21 -16  -3  -9  20   0   0   6  20   0  13  -9 -26   2  -8   4  15  -4  10 -22 -11  -5  17 -29  23  -6 -12  -3 -16   1  13 -13 -11  -7   3 -22   1  12 -15   5  24  28 -15  11 -31   8  18  22  -2  20  14  -3  -6 -16  15 ]
[  21   3  -5  11 -20   2  12  -7 -16 -22 -16   2  15   9   9  23  13   1 -18   2  16 -12  -7 -16   8  35 -42 -18   3  -5   6  23   9  12  -9  -3  -8  13  -4  12  13 -17  19  20  -5  -1  -8 -11   0   2 -30   9   9   9   0   7  -7   2   8   9 -24  16  18  -8   2  11 -15  13   7  10 -19  10  22  21  12   4 -15  21  -2  16  24  13   4  10  -5   0  -4 -10   3 -15 ]
[  -8   6 -30  35 -24   3   7 -10 -16 -15  32   6  -9   3  13  -6 -16  24  -8   8  45  -9  -8 -17   1   3  12  -1 -16 -10  -5   9 -16  13 -14  16  25  20   6  -5  22  13  -3   6  -7 -17  13 -11  -1   1   5   2   7 -20   5   9  18   5  34  31  14  -2   5  12   2   5 -23  14  18  -9   6  18  -1   4  -7  14 -25  36  12  -1   4 -12  25  -4  -7 -18 -24 -25  -7 -15 ]
[  -1  19   5  -9  -4  17   6  23   1 -11   0  -5  13  12   7  -2 -14  30  14   4  11   1   6 -20   0 -18  -2  10 -11   8   9  11  19  17  15  24  10  23  41   7  -9 -18 -24  -9   2  12   8 -37 -12 -11  -3   8 -43   1  -2   9   3   7   0   8 -13  23   3   6   0 -19  10  -8  -7 -26 -16   9  10  11   0   7  -8   1   0 -18  -6  -8 -15   6   1  -3   4  15   6 -18 ]
[  -1   5  -8   3  -8 -24 -29  15  -4  22  12  20   5  -7  -6  -9  -1  -4  -8   4  -4 -35  -7   4  11  -3  21  -1  -4  18   9 -15   0  -5   8   7 -20   7   7  24  19   0 -12  25  16 -16  -1 -12  -6  15   2   4  -7   2 -21  19   0   8 -22 -17   0   5  10  16   0  10   1  11  -9 -26  19  22   9 -21 -23  -1   0  -5   4 -11   7 -19 -13   8 -21  10 -20  14 -12 -15 ]
[ -10  -9 -30  -7  11   5 -24 -27  18  26 -23   2   6 -16  17  12   6 -10 -13  12  12 -31 -28  -1 -19  -5 -24   3  -6  17   3 -34   7   2  10   3  -6  33  -4 -24 -17  -7   0  22 -12  14  -6  13   8  -1 -20  11 -26 -16   5  34 -10  11  -6 -11  -9  -6   5 -22  -1   7  16  30   4 -13   2   6  26  19 -20  37  23  11   1  26   7  -5   8  21 -18   7  17  14  -3  -5 ]
[ -25  -9 -35 -11  -3  18  -3 -46  18 -14 -21 -10 -17 -19  19  -2  -6 -28  -9  -8  -9 -15  -9  -3   1 -22  -6  -9  28  -1 -11 -13  35   5 -18 -21   2  17   8   2 -15 -15 -24  -9  -6  14  -4  16   3  15  -7 -17   2  10  -3  -6  -9  -6  -7 -11  17 -19  21   3  -6 -18 -11  10  28   3  11 -11  -3  15 -16  29   5   8   8  -1   1   8  -2  -4 -14  -4  30 -14   2  19 ]
[ -14  15 -30 -17  30  -4  41   1   5 -15   8   1 -12 -10  15  -8  25  -7  27 -18 -15 -15  11 -25  -4 -12  10   3 -17  -1  20   2  19  10   7 -25   1  12   9 -29 -12  -1   0   5 -12  13   8   1  26  -1   1  -9  14  -6  -7 -22 -20   2  16   2   0  -1  -7 -13  -3  -3  24 -19  25  -1  -3  30  -2 -11  -6 -12 -18   0   5   2 -19 -16   3 -21   1  13   4   7  23 -14 ]
[ -16   7  35  -7   7 -10  21 -24  29 -16   3  -2  -8 -26  -9 -33   4 -17  15   7 -36  -2 -15  13 -20  -4 -17  29  23  -6  34 -11   4  -8   6 -30  27   0 -11   3  -9  -7 -10  -7  -6  21 -24   6 -18   3  30 -15   9  -8 -10   5   6 -19  29  -7   7   1  -3  -8  20 -17  10 -10 -16 -10 -56 -20  -5  -2 -14  20  16 -18   3 -15  -3   0   6  -5 -10 -11  -4 -12  14  -8 ]
[  -2  -8   3  -7   8  14  27 -24  -9   8  -6  10 -19 -13  21 -15   4 -12  20 -13  -7  -2  -6 -21   4   8 -10  -9  -1   2  -2  -4 -17  22 -19 -13 -18  -5 -33  23  10  28  29  -2  15   4   2   5 -17  12  12  -1  21 -29  21  -8 -17   3  16 -35   5  13  -7  22   0  -5 -26  -1   8  19  14   0 -27  -3  -2 -14 -17  10  -4  14  -6   5  -8   2   7 -12 -36  31 -13  -3 ]
[ -13   0 -10 -17 -14 -31  16 -10  -6  -8  17   1 -14   3   4 -27 -26  -2 -32  -4   7 -15 -30  15  10  14 -10 -16  -6  -3 -30  20  26   5  -6  -4  -2   3  26  23   5  29   7 -23 -20 -23   1   6  -7 -10 -23  28  13  -7  19  35  36   9  22  16   0  13  11 -10  -4  15   0   3   3   5 -21   3   9   1   0  18   4  -9 -14   9   2  14  16   4  -9 -17  -6 -39  -8 -16 ]
[ -12   0   8   9   7  37   2  16  17  40  16  12   2 -14   6  -4   9 -14  26  26  -9  12   0  32  -9   2  26  27 -11  30 -15  -7 -22   1  -1 -12 -19   2 -28  23   4   8  -9  -7  -7   1   7 -20  -9  37  13  -3   5  20  10  -8  -7   9  16 -16  -2  19 -17  21 -22  -5  16  20 -17 -31 -15   2   8  17  -9  -7   5  13   6 -27   2 -15  -5   9  -6  29  -2  26 -19  10 ]
[ -16  -5   6 -19  17  21  27  -6  18 -15 -11   9 -16 -20  36  13 -11  23  26 -27 -11 -10 -14 -14 -16  -4   4 -15   5  11   4 -11  -8  37  -5 -29 -13  22 -23 -15 -11   9  18  -5   4   7 -17  46  10 -22   5  15  27  -1  18   3   0  -6   3  -6 -17  -5 -29 -14  11 -10  30  10  24   0 -13   4 -12   9  -1 -22 -19  20   2  16  -8 -23  -1  17   3   2   7 -26   4 -36 ]
[ -21 -39 -26   5 -15 -36 -13  37  11  10  34   8  -8   5 -15   4 -21 -15 -23  23 -20   2   0  28 -23 -23   0   1  -3   7 -15 -15  -9  -1  -2  10   4 -19  19 -26 -28  12  10 -15   6 -11  -2  15   1  -1 -16 -15   3 -30  30  15   7  29 -19 -16 -15  17 -15 -20  -1  27   5 -13  -1   4 -16  15   5 -17 -24  22   2 -13  19  -3  -4   5   6   6  -5   0  10 -28 -28   4 ]
[   1   0  32  18 -12  22   0  -1   7 -24  -9 -25   7  -7  16  -6  10  41 -12 -29  22 -27  -3 -22   5  -5  -6 -13  17 -16  -7 -12   5  12   9  11   7   4   0  -5  23  33  22 -14  15   9   1  20   1   3  -7  15  15   6  19  12  10  16   4   2  -3 -13  -5   2   4  -7   3  -3  -4  -4   1 -11 -14   7  -5 -11 -27  45  17  14  12   1   3  17 -15  -8  14  -7 -27 -10 ]
[ -33  -5 -19 -10  13 -15  32 -19  31   0  -2   9 -32  -6  -7  -9   3  -8   3   2  11   3 -20  14 -25   9  -3   0  14 -16   9 -50  32   6 -19 -26   9 -14  13   4   3   4  -2   0  -7   9   3  24   6  -2  32 -38  11 -20  -9  -2  -9  14   1 -21 -14 -13   5  -6  -3  11  11  18 -12 -15 -19   7 -10  30   5  -4  -7   9   4  13  -7 -10  -1  31  11  11  -8 -23  10 -10 ]
[   5   5   1 -10  -1 -13 -33 -10  11  -2   0 -34   8  -1  34  22  -3 -18 -14 -16  18  -9  -5   4   8 -15  12   8   3  31  -1   4 -12  -5  13 -19  14   5 -21 -38  -5   9  -4 -23 -29   8  -7  25   2  28  16  -7  23  -4  25 -19  -4  -6   6 -25  18  -8  15  35 -13 -12 -10  15   3  -1  13 -14  -7 -12 -15  19   9  45   3  16 -12   4   8 -34 -28  -4   3  30   8  18 ]
[ -26 -20   8  19  15   1  15  -5   4  26  17  13  -9   9  22  -8   8   9  -6 -15  17  41  -1  -9 -16   2   3  -2 -28  -6  12 -28  35   0  -4 -20  14   4   8  12  11   4  -2  18 -20  -8  28   8  25  12 -16 -21  46   1  -9  -3 -25  -9   1 -14  -6  -5  22 -25   5   2  14 -26   9  -2  -8  26  -9  15   1  -6 -26   0   2  12   2  -9  -8  14  12  12  36 -32 -18 -15 ]
[   0 -29 -14 -14   1 -15   6 -39 -13 -44 -39  -2  -9 -26  -9  15  24   7  10  32 -15  -4  11   8   5  -4 -32  -5  15   3 -12   2   8  -4  17  -7   4   0  10 -15 -23  -5 -14  20  16   6   1   6  -7 -17   6 -15 -15 -17  -7  25 -22 -13 -12  19 -29  -1   5   9  23   4  11  20  20   7 -19   1   3  16  -9  -7  11  10   4  19  -8 -19  -9  -1   7  10  -6 -10  10  17 ]
[  34  22  -1  -2  -2   1  -2 -11  -6  17 -29  -7   1 -15  -1   6  20  13  17 -16 -14 -13   6 -10   6   9 -19  -6  21  17   8  23  12 -10   2 -29 -23 -15  -7   3 -15 -15  -3  -1  13  26 -29   8 -16  -8  18   4   6  12  18  -1  -8  14 -17  23 -41  18   2   0 -11  -3  11 -11  -8 -10 -16 -14   4  -2   8  -5  -1  28  -9  11   8 -22  19   6   2   9  12 -21   2 -29 ]
[ -12   2  17  -4  25 -21   0  32  -3  16   8   3  26   0  -1  13  12   5 -22  -4   3   3  24 -25  -5   7  10  -7 -30  22  36  -5   1  17  33   0   1   1 -21 -18 -20 -32  -5 -11  14 -10  14 -21  41 -14 -13  -5  10  15   5  -8 -15  16 -10   3  -8   5  -3 -24 -14  -6  28   0  -1 -11   4  -6   2  -1  12  -7  -2  -2  10   0  -4   9 -12 -16  14  -2  27   1  13  -8 ]
[   5  -4 -24  18  26 -12  -3  -1 -16  38  -8   9   8  -7 -19 -20   9 -22   6 -19   1   8  -1  -2  25  28   9  23   1  -5  15 -15   1  -1   3  -4   4  -5  -9  19  21  18  -3 -20  36  -6   2 -38  11 -29  20 -17 -21  10 -12 -16  29  18   5  -2   9  -6  17  25  10   8  -4 -11 -33  26  34   0  -8   5   5  -2  -2  28  13   1  -5 -18  -8  13  12  -1 -12  41   0  21 ]
[ -20 -16  12   7  -9  -7 -10 -11   8 -11 -19 -12 -15   9  13   2   4  -9   8  12  -5  12  -8  15 -45 -20  -1   8 -31  31 -10  -9  14   3  19  16  18 -11  -1 -10  -3  24 -11 -22  -7 -12   2  22 -14  22 -17  -5   2  -4   8  15  -6  13   4 -24  -6 -10 -20   7  -3   4   0 -11  22 -19 -33   8   8  13  16  -4 -16 -22  -6  20   3 -24 -13  24 -19  -1  -5 -22  14   8 ]
[ -22   5  11  27  11   8 -12  -2  35   3   1  13 -27   1   3  -8 -20   2 -15  -2  11 -29  -6   8   6   0   2  12   4 -17 -38 -19  17   8  20 -14  21 -12  15  -7   7   3   5  -6   5  -4 -16  -4  15   8  -4 -14   0  21   2  36  -3  26  34  20  15  29 -11 -12   2 -24  41  30 -10   2  15 -37 -32  -4   4   9 -29 -12 -23  -5   8  19  -3   3 -18   3  26  21 -25  14 ]
[  -5 -13  -7 -23   6  19  -1   3   3   0   2 -26 -11 -13   7   0   0 -25   5   7 -13  -5  -6 -26  23 -36 -20  22  25  23 -13   6   0 -20 -22 -21  -3  -6   8  -3 -14  19 -11  20  -8  10   2  19 -19  14   7   6  21   4  34  -9  -4   4 -30  -8  12   8  13  -1  18  -3  -2  22  11   4 -15  19  -1 -13  -4  10  -2  15  29 -19  -9  14  12  -4  -5  18  -4  25 -12  44 ]
[ -17   1  19  36  -7 -11 -16  18  16 -31  42  -3   0  16  -7 -10 -18  28 -16  -7  24 -10  34 -13  18 -12   2 -14   6 -12 -26  -3   1  12 -10   1  20 -14  37 -13  16   8   1  -1  -8 -19  31  14  -1  13  -2 -13  28 -23   3  -5  16  11   4   8  -8 -11  -5 -22 -18 -17   0 -14   4   4  11  10   2  26  21  -5 -19 -17  -9  -2   0  28   4  -5   4 -20   8 -26   2   4 ]
[  -6   1  10 -11   7 -18  19  16 -13  -7  14   0  -4 -21   4  -8  18  22  22 -21 -29   1 -22   1  -5  -2  10 -21  -3  -5  24   3  -7  25  14  -9 -14  13 -17 -24  -2  -9   3 -30  -4  17  26   0 -19 -30   2 -13   0  -6  24  -2  -4   0  -3 -14   9  -4  -5 -14  -4  23   8 -22  18   2  12  25  -4 -26  -4  -6   2  -5  -1   3  14 -18  12 -12  13 -12  10 -14   4 -19 ]
[ -12   2   6  26 -36 -12 -12 -17  25   2  -7  14 -16  11 -15  -6 -15  -8 -25  18  11 -18 -12   1   5   6 -27   2   3  -7 -41  -1   4   9 -24 -10   7 -18   9   6  10   9 -14  -4 -21 -10  -9  -6 -18  30 -12 -13 -17  -5   3  21  33 -27   0   3  31   3  -1 -14   7  16  17   4  -8   2   7 -27  -9  23  -1  24  13 -16   8   1  11   6  -6   4 -30 -16   3   1 -35   9 ]
[ -12  -4  12 -30  -5  -9   8   1  13 -19   1 -19  -1  -4 -14 -15  33 -41   4 -25 -31 -10  -8   6   9  14 -34   5  19  22 -10  -7  10  -5   9  -7  13   6   6  -3 -19   6   0 -13  -4  -8 -29   9   3  15 -23  -1  12  -1  23 -19  -3  -2 -12   1  21   0 -10  -1  13  11   7  12  12   4   5  -6 -13 -24 -21  15  15  21   9  17  19  21   1   9 -31  17  10  10 -17   6 ]
[ -13 -19  38  17 -12  13  24  15  -2   7  -1   1  23  -4 -14   9 -20  -4   3   9 -15  23   8  10   2  -3 -21 -18 -18  -3  22  -3 -26   5   0  10   1  12 -19  -2 -12  28  30   6  24  -6 -15   5  29   8 -13  18  15  -3  19   7   0  13 -13  -1   3   7  -9  -8   4  21   9   3  23  34  10  -9  -6  -4  12 -27 -18 -20   9 -17  -7   5   4   1   0  21  13  14  -4  20 ]
[  42  -2 -13 -20  14   8 -24 -14 -36   6  28  -8   4  15   3  -6 -18   8 -50   8  15  -6  12  14  -6  -6   0  10   6 -11 -14   3  17 -14 -26  15  -6 -21  -4  17  -5  -4 -18 -10 -13  -6   8 -37  16   3  -2   0  18   7  -5   3  14  14   6   1   9 -12  -7  12  -1   7  -7 -14   6  -1  27 -27  -1   4   1   3   0   3 -20  -1  -2  -1  10 -33   3   8  22   8   4  20 ]
[   8   3 -11   2  14  23  23  -7 -11  -2  12  13  25  11  22  -9  14   8 -17  17  -1  26 -12   2 -16   5  -6   8 -41  -4   6   8 -21  17  -4   7   1  16 -12   9   2   0  19  -5  -3   1  19 -27  15  -4 -28   7  -7   5  -8   9   6   0  40  18  18  24 -22 -10  -2  14   1  -1   2  18 -25   2  12  -9   4  12 -17 -17   9  25  17  -2  12  -3  -9  -4 -28   8 -14   2 ]
[  20   4  -2 -11  16 -25  -6  -6   4  -9   6 -19  -2   4 -18 -15   0   9  -6  -6   0 -13 -17  16   4 -12   9  22  21   1  20  -7  14   7  -9  -3  -6  -1   1 -12 -23 -29 -12  -6  10  13   1 -10 -19 -14  27   9 -18  13  -5  -2  51 -12  -5  -6 -26   6  -3 -44  -6 -40 -13  14 -12 -25  14 -13  19  18 -10  13   4 -10 -10  -6   3  13  16   6  12 -12   4  -1   9  -5 ]
[ -12  20  11  26 -27  -4  10   2   2   2 -15  -4  -8  -4 -13   8  -5   6  23 -34  10   0  -5 -18  -1   1 -26   9  -3 -18  25  13  -4  -4 -18  -4 -20  21  17  21  18  -2   7  20   5   1 -34  -9 -15 -17 -10  14  12  13 -24   9 -10  19 -15  -1 -18   0   0  -7 -14   7  -6   4   2   9  23   7  22  -8  15 -13 -25 -13  -6  -4   1  29  14  25  23  -1 -11  -1 -15 -10 ]
[  15  14   7   4  -1  -2  12 -13  -6  -1 -23 -19  -1  -3   7   7   4   9   5 -14  28   9  -4 -17 -10 -11 -11  -2  -9  -7 -26   9 -25  10 -19   3 -10   3   1   4   9  -7   0 -19  -7  21  11   9 -34 -20  -6   8 -19 -13  22   2  17  15 -31 -29 -25 -10   1  17 -27 -17 -30  18 -12  -4  -5  25   9  13   1   4  -1 -27   6   0  11 -10  -3   1  14 -38 -24 -15  16 -11 ]
[ -30  37   8   9 -10  -2  10   7   9  30  -5  31  -4   4  -6 -21 -31  15  14 -36   2  17 -11   4  10   6  18   6 -10 -21 -15   6 -20  -5 -10  -5   3 -13  22  -2  44   3   1 -27  -1   9   9 -17  -3   3   9 -11 -10   8  11  -8  12  14  14  18   9  21  -4  16 -25   1  13   1   0  17  15 -20 -43 -19   4 -11  -1  -7  -3 -19  -9  18   9   2 -12 -13 -24  20 -18  -9 ]
[  15  32   7  18   0  -1  19   3   4  -6   3  -5  -5  24  12 -13  -9 -16 -14 -28 -21 -17  -8   5  13  22 -12  -4  18 -13 -24  -1  17  34   8  -4  -5  -4   5  21  10 -16   0 -25 -10  16 -14   1 -11   5   7   3 -18   0  -2 -13   7  13   9   7  14 -21  20  10   0 -33  22   5  -5  -9  29 -10 -36  -7  13  -7 -13   2 -11  18  27 -11   0  -9   7  -1  16   9   1  14 ]
[  27  -6  -6  13   1  11  -3 -13 -25 -10  22   9 -14 -13  26  -9   4  13  15  19 -12  -8   2 -23 -25 -28   7   2 -36  -1  16 -12  14 -19   5  -6   4  -3  -8  -4  -2 -17  -8  18 -15  13  -3  -3   5  -7  -2  -9  -3   1   7  16 -32  -8  21  -1  12 -20  -5  13  17  -3   3 -28  21   3 -14  11  20   3  -4  -2  -8 -41 -17  30 -17 -44   7   7  10   1 -10  -9   8 -21 ]
[  24  -7   1  11  15  -8 -10   8   4  10   0  -7 -15  -2 -27 -18 -27  29  17  -1 -12 -24  42  -3  27   3  -4 -13   7   3   0   3  12   5   2   3  -7 -20 -12  15  -6   1 -30  13  16 -17   6  -1 -12  10  15  20 -12  -4  -7  28  -4 -34   9  12  -8  44  14   9  27 -20   0   4 -13  -5  -2 -42  -1   9  12 -28 -10 -23 -60  18   0  -6  -4  20 -11  13   0   8   9  -6 ]
[  25 -12   2   7  -7   7   5 -20  -4 -14  -4 -11   2   4 -16  -5   3  14  23  -4 -19  -5   1   6 -14   4 -21  30   4  -7   3 -14   5   4  14  21  -5 -20 -19  22 -10   1 -17 -26 -15  27  -3   5   7  -5  10  -8  -1 -24 -20   1  22  -6  40 -13 -15 -13 -15 -13   8 -42  -3 -10  -9  -8 -17 -19   3   0   6   4  -4 -26 -23  29  11  -6  -1   6  -1 -14   2  14  -4 -11 ]
[ -26  -5 -40 -26   5  -6   5  20  17  37 -11  -1  12  -7 -27  13   2 -10  -2 -13   3   6   1  26  -7   5  13 -17   4   9 -17 -22  11  23 -33  17   8   8  32 -13  16   7   2 -15 -11   8   6 -30  24   8 -22 -16  -8   2  -6  -4  -4  17 -12 -13  -5  42  18 -16   0   1   7   3  17  -6 -31  21 -29  16  -1  14  14  21   0 -12  17   5   4   1 -21  21  20   1  -9  14 ]
[   6 -14  20  28   3 -14  10 -34  -5 -14   5  24 -21   0  21 -17  -5  -1 -29  19  -4   7 -15   8 -27  16 -11 -26  -2 -34  16 -14  46 -25  -4   1  -1  -5   5   5  -4 -19 -17  19  -2   2   7   0   5 -26  19   3   9   4 -33   6   7  11 -10   2  -2 -43  21  -2  -8  10   1  -9  14   9   4 -15  16  11 -15  11  31  -6  10  -2  12   4  -9   5   8 -22 -31 -16  13  -2 ]
[ -12  10 -10 -22   7 -24  19  -7 -11  -7  -4   1   4 -28   2 -12  -4 -11 -28  20 -12   0  10   1  32   5  -6 -13  -8  -4 -21   1  25 -19 -21 -11  -2  10   7  21  10   6   4  26   7   1  17  -4  17   8 -27   5   0   5  -2   7  -3  -6 -18   2  22 -12  19   2  -8  12 -19 -13  12 -10   8  -1  -6   9 -13  11  46  20   6 -46 -10  31  -3  -4  -7  -2  -9 -23   1  -9 ]
[  -2 -17 -24   7  24  -8 -38   6   1   1  17  10 -13   3  10  -5 -17 -29  -4  21  25   2  -5  28 -18  -8 -10  18  42   6 -17  -8  28 -10  -6   1 -10 -11  15  -9 -20  10 -18  -3  -2 -22  -3   7  -7  -1 -12  17 -14  -6   8  38  19  -5  16  15  25  -7 -16 -27  17   7  11 -22   5  -3   4 -33  21  29  19  15   5   6  -7   6   0 -25  14  13  24  -1 -16 -26  28   3 ]
[   4  26 -15 -15   3  -8  12 -10   7  20  -9  -7  -3 -19  12  -6   0   5  26 -27   4   3  -9 -16  -4   1   2  -8  -9  27   9 -12  15  33  18  -6   2   4   1   6 -18  -8  -4 -36  -2   2  -4   7 -17 -28 -24   1 -33   8   0  17   1  16   9  16   9   7 -23  21 -11 -10  18  -1  -9 -16  18 -41   9 -11  10  12  12  33   7  24 -14 -29   7   7  -3 -19  23  -2  18 -40 ]
[  17   4 -13 -16  19   5  -2 -36   5   7 -18  -5 -35  -7   9  -2   9  -6  21  15   2 -29   7 -23  -6   0  37 -14   3  -3  22 -10   7   4  10 -14   8   7 -13 -21   2 -13  -7  23 -16 -21 -29  -3  -7  -8  32 -16   1  12 -32 -18 -32 -30  11  15  -9 -16  14  18 -12  -6  -4  -1   6 -13  -8  -5  26  10 -11  30 -10   8 -10   9 -15 -20  -7  12  14  33  17   3  22 -10 ]
[  12  -9 -22   7   9 -32   2  -5   5 -14 -18   6 -28   4   8   7  -4   7 -23 -11  15 -10   3  -2  -3  15  13 -13  21 -15  -6   1  44 -11 -10 -17  18 -46  37 -28  12   8   3  22  10   2  15  -6 -16 -15  11 -14 -15   5  12  16  18 -16  11  -6  28  20   9  -5   3  -9  24  19 -10  10  11   7   3   7 -18 -14 -17  19  19   2 -15 -11  -9   8  -8   0  -7   1   7 -16 ]
[  -7  -9 -11   1  27   1 -14  20  -1  32  52  -1  47  13  -8  -4   3 -18   5  13   1  38  -2  11   3 -12  10  19  -4   2  -5 -21 -24 -16 -13  19   3  10  20  35 -11  16 -20   4  -1   3  15 -34  29  16   3 -11   6   4  -6 -10 -11   5 -19  -1  -8  25 -10  17 -12   9 -11 -16 -11   8 -24  19   0  11  -7  10   6  -6  29 -21   2  -6 -13 -13 -12  10  14   9   2  -5 ]
[  -1  14  -5 -13 -12  -8   0  19 -14 -13 -14  34 -29  12  13   8 -11  19   6   7   6   8  24  -9  10 -16  -8 -25 -27  -2  -1  -1  -4  -9   9  25  -8 -18  13  20  -1  -5 -21  15  -7  -2  12  15 -16 -14   1  28 -13  21  -1  17 -33 -18 -17  13 -13  -1   7  16  13  31  21  13  14  -2  -6  -5  -3 -25   3 -15  27 -32 -13   1  16 -21 -13  17   1   9  -1   9 -20   7 ]