[ -10 -10 -15 -18  -8   7  -6   4 -26   7   2 -16   7 -16   9   8   8   5 -11   5  -3 -13  19   1 -13 -14   8  -4  22 -10   7  -1  12  12  18  35 -11  -3  -5  -8  -6 -13 -20 -13 -17   4   6  16 -13  -1   1 -16   4  13  -3  -9   0   3 -12  -4   4  -4  -6 -10 -12   6   2  -1  -1  15 -10  -6  13  -9   0 -12  16 -12  30  23 ]
[   0   1   4  -5  28  -9   0 -10  15 -12  -3 -16  18  21  -2 -21 -14  20 -10  13   5  -8 -15  -3  -2  12  -5 -19 -24   6  -7   1  -8   0  -2 -19  23   0  20  16  10   6  12 -12  34   3  12  -4   5  -3   9   6 -21  -8   8 -12  -1   6  -4  -4 -12  14   5 -12 -16  -1 -11  -1  -9  -2   6  23 -23  12   2   0  -2  31  -1   8 ]
[  12 -24  -8 -19   5  20  -7   3  30 -21  -6  -3  -7   6  11 -21 -15  -3  -3  -7   2  18   6   4   1 -17  -8 -10   0  26   6  -5   2 -11  10 -15  17   8  20   5   2   9   8 -15  13  -7  -5 -24   4 -16  -9 -23 -11  -5   1 -15   0 -17  -1 -23 -12  16 -10  -9   8 -10  -9 -11  -8   0   4  23 -13   0 -25 -20  -8  10  11  -5 ]
[ -18 -14  -4  28   6   4   1   9 -18   5 -15  -1  33   3  22  -4  31  -7   0  -8  11 -20   1  -6 -24  -5  25  17  15 -25  -3   0 -12  -4  -2  10  -8 -12   5  -5 -11 -10  -6  19 -16   3 -16   2  -7   4 -17 -12  22  34  -2  -2  11  -6 -11  13 -10 -14   1 -13 -11   2   9  16   0   1  -1   2   9   0  20  15   4 -18  14  15 ]
[ -19  -7 -10 -11  -9   4   1 -25  -4 -11  13  -3   6 -15 -34   4   5  22   2   8  -4 -18  -4  13   5  -4   3  11 -14  -7  -5   6  30  25  13   9 -10   3  -3  -2  -9   5  -3  24  -2  13  21   4  17  19   8  16 -25 -16  -2  23 -32   6   4   6  11   5   2  15   3   5 -25  -3   6   3  -8  -2   2   1   9 -11   7   6   3   4 ]
[   4 -23 -12   0  35   9  -3  17  10  20  -4 -15 -10   9  -1  -5 -17  -1 -12  -5  22  33  -2 -12 -21  13  20 -15  13   3  11   7  -1  -5 -11   9  11   4  14   1   9   4   3 -25  -2  -7   0   7 -16 -17  10 -14  -2   1 -12 -14  -1 -11 -19  -7 -19  26  10  -1 -17   3  13   3  -4  -3 -11  24 -12  -7 -14  -9  12  16   9   5 ]
[   0  19  -6  10 -11 -34  14  -2 -23 -15  -5   2  12 -12   7  -8   3   9   5  -1  10 -12  22  22  19   4 -21   9 -15   3  23 -17  16   3  13  -4  -4  -3  -4   5 -13   1   8  13 -23 -10  -4   6  19  30  16  14   1  -5   9  17  -4  -2   2 -10   8  10  21 -15  18   9 -14  -1  23  11  19  -3   9  -3  13   4  11 -11   3  -9 ]
[ -15   5  31  17 -20  14   1  -6  10   0 -16  27 -17   1  11 -14   3 -12  23   5 -10 -17 -17  -7  -6   1  -2  23   5  10 -29  22 -31 -24 -17 -10 -13 -10  16   0 -20   8 -14  -8  10  19 -29 -14  10  -2 -21  10  28   9  17  -8  16 -23   3  16   3 -23 -13  18   6  -8 -10   2 -20 -19  17  10  -6   9  12  23  -3   6   9 -16 ]
[   2   2   1  15 -18  10  21 -19  16 -34   6 -11  37  12   3   2  11  -5  -3 -18  11   6   8  18  12  -7  29  14  -9  -3  11 -32  10  -5   1 -17   6  -6  13  -5  -8  21  31  29 -20  15 -12 -25  37   8  -6  -6  16 -23 -15  -4  -4  -1   0   0 -19   7  12  -2  14  -9 -14  25  14   3  10  11 -20  -5   3  13 -12  -8 -22 -23 ]
[   0   6   0  -4  12  -4   3  -2   9  11  -7 -10  -5   0  -6 -17  -4  18   3   7   3  15 -10  -2  -4   8   1   2  12 -11  -8  23   8  -8 -37  -7 -19  -1 -10 -12  47   9  -7  -9  15  13  20  18  -2 -17   6   7 -38  12  -1  19   2  12 -11  23 -12   3  -2 -10 -17  -6  11   4   3 -20 -21   7   8  13   2 -14   6  10 -24  -5 ]
[ -15   5 -18 -16 -14 -15 -27  -2 -30 -21  10   6  -2 -24  23  -5   4 -15  -2 -14 -13  -3  10  -9  17 -24 -14 -13   4   6   6 -21  -1   3  22  -9  -7   1 -22  14 -24   2   7 -14  -8   0   1   0 -17  -2   8  11   7 -23   5 -17  -7 -11  -2 -13  19   5   3  19  20  -6  -2 -22  -1  24   1  -7 -19  -7  -3   0 -25   2  39  19 ]
[ -23  15   7 -10   6 -18  -2 -19 -16   2  -1 -12  28  19  -2  26  -3 -21 -11  11  -3 -17 -16 -36 -11  10  -3  -8 -12 -24 -10 -17 -24 -18   6 -12   3  -1   7   6 -16   9  11 -15  34  15   3 -13 -19  -7   7   6  19  -8   0 -28   4  10  20  32  -4 -16 -10  27  -7 -32 -14  -4 -28 -12   3   6 -29  12  39  42 -14  16  -9   4 ]
[   1 -21   9   5  32 -38  13  16 -22  33 -14  -8  19  28  -8  -6  -9  -2  -1  12  17  -4   5 -27  -6  18 -10  12  23  -9  32  14 -13 -27 -27 -19 -16  -6   9  11   6  -1  -7 -12  10   8  -3   7 -12   9  27  10   8  10   3   0  -3   9  -9  10 -12  21  -3  -2 -14  10   4 -12  19 -11  -9  22 -11  10  29   4   2  13  10  -5 ]
[   6  30   5   8  -5  -7   6  17 -12  17  14  10 -34  -2 -11  20  -7  -4   5   8   2  21   3   9  30  12  15 -10 -23  14   8  -4  -8  15  -3  15  15 -18  -8   5  -6  21 -11 -16 -14   2  -1   2  39  13   5  24  19 -19  13  -1  16   0   3 -30   2  15   2   5  -1  35 -19  19  19 -24 -13 -27 -14  -9 -10  11   8  11  -4 -11 ]
[ -24 -15  -3  17  10   0 -14  -8   0  -1  10  28  -2 -10 -23   8  14   1   9   7  -1 -27 -12  -3  22 -10  14  28  12 -16  -5  25 -26  -4   4  -1   3 -10  -2   5 -21  13 -10   0   4  32  11  -3  12  -4  -4  33  22 -12  15   3 -10  -5  22   8  22   6   2  49  10  25 -15   1  17 -24   0 -23 -37   4   4  10 -33  42  12  19 ]
[  15 -22 -13  18   0  -8 -11  20  16  -5 -17  23   2   3   4  21   3 -23  10 -10  22  24  21  -3   2  -1   0  35 -17  -5  12  -5  -3   2  28 -21   8   8  15  12 -16  10  28  16 -15 -31   2 -14   5  10   2 -11   8   1   7   6 -16 -38  21   4 -23  23  14  24  12  -5 -22 -27  13 -19  24  25 -18  -3  10   1 -23  10 -11  -3 ]
[  -7  41 -22  29  10  11 -11 -12   5 -32   6 -32  48  16  39 -13  21  21  -6 -28   2 -26 -22   4  22  -8  12 -33  -8 -21  -9 -14 -22 -29 -15 -23  32  -2 -15   3  15   8  15   4  17  18  -8   4   4 -12  -3   7   0  -8   6 -11  24   1 -12  12   4  -4  21   2 -10  -2  15  19 -23  13  21 -24 -18  22  -3  21  -6  14 -10   9 ]
[   4 -13   0   8  22 -29  39  -2  -1   2 -23  -7  -4   5 -12   5 -40  11  -2   5  17 -11  -1   9 -29  22 -14   5   9  -1  10  -1  17 -20  19   2  16 -12  16 -14 -15 -15   9  -6  12 -11   2  -4  -5  14  24 -19 -14  15  -5  12  10  27  -1   0   2   3  16 -26  13 -15  10  17  17  15   2  20   3  -6  22   9  21  12 -14   8 ]
[   9  -1  -9  16  18 -13 -20  18  -4  20 -18   2 -12   8  24  -8  -5 -22  -6 -19   4  25  -8 -17 -21   6  15  10  -5 -12 -18 -13   8  21  -7  -6  25  -3   4  10 -22  11  25 -10   1 -26   1  -1 -32 -20   5   6 -14  18 -15 -30   9  -5 -19  -3 -19  11  13  -9 -12 -21  -3   3  20  11 -11  16 -17 -12  -1 -16 -19   7   1  13 ]
[   8 -14  23  27   4   7  10  21 -15  36 -28  -1 -15  -3 -20  -8   1  -3  -1  -3   0   5  -9  16   6  15  15  17   8  12  11  12  -8  17  -5  10  14   3   8   5 -12 -14 -22   3 -19 -24 -10 -22  -8  19   6  25  11  13  14  13  18   9  -8  -3  -1  15   3  -1  -1  28  -7  15   6  -5   1 -16  24   4 -20   2  10  -2  15  -8 ]
[ -12  -9  19  33 -18  36   5 -13   1 -12  19   5 -22 -11 -33  16  -8  15 -20   9  -3 -36  -6   9  -4  12  25   0  39  -6  -7   9  -1   5 -21  22  -4  -3  -2 -16  -8 -36   5  16   0   5 -12   5   3  -6   6  13  28 -10   6   9 -14  18   4  28  15  -6   7  37  16  22  16  27 -10  19   9 -29  16  -5 -11   5   0   5  -1   6 ]
[ -16  19   2  39 -26   0  -2   4 -26   9 -11   8 -20 -26  -7  -8  22   0 -10  13 -15 -15 -20   9 -16  12   6 -11  -2  12 -30   2   5  -1  -3  13   0 -18 -16 -19   5  -8 -27  24  -4   1 -25 -16   3  15  -1  -8 -22  29  10  43   1  12 -11   6  14 -10   0 -10   6  16   8  24 -17   2 -22  -7  40   2  12   8  43 -23  -6  21 ]
[ -12 -29  19  -8 -32  12 -13 -24   4 -28  -2   9   9 -22  26  27   7   2  18  -9 -20 -55  10   2 -20 -29   4  21  21 -23 -10   1 -14  -7  19  18 -23   4   6 -11 -44  -8   6  -7  -3  27   9  27  -7 -12 -23 -12  33   2  -6 -19 -24 -18  -1  21  -3 -16 -13  27 -10 -23  -2 -11  -1  27  12   3 -44 -10  33  17 -25   9  15  13 ]
[ -12  -6  12  14 -13   3   3 -12  11 -27 -30   5  16 -12  22 -18   9  33  29 -15   3 -34   5  26   2  -1  -1   8 -28  -6  -5  13  -6 -12  34  -2  16  11  34   3 -16 -22  -7  14  13 -13  -5   3  12   5   6 -14 -14  11  22  21   8 -15 -29  -3 -10  13  29 -14  -9 -11 -10   0 -18  21  26  25  13   3  21  -2  34  23  16 -14 ]
[  26 -15 -12  -7   2 -13 -25   4 -31  -3  -5 -39  23 -17   1   5 -20   2 -25   1  12 -12   2   4   3  -8   8 -29   0   9  16 -17  12  31   4  -4  14  -6 -10  25   6  -8  19 -16 -20 -24  12  20 -17  21  17   6 -28 -23  -5  -9 -23 -14 -10   2 -10  50   6  11 -12  22  -4 -13  -1  21  -6  11   5 -12  -3  -3   6   5  11  11 ]
[   9 -33 -11 -12  -5  28  -6  -7   8 -17 -28  -3  42   6  23   6  20  -7  -1 -26   9   7  -7   4  19 -33  13  23 -17  -6   7  -4 -15  18  25  -3  19 -10  -6   9 -12   8  17   6   3 -11   7 -13  20  12 -36 -19 -13   6   3  -4   1 -27  25 -12 -22   8  -1   8   5   3 -23 -15 -12  -6  11 -14  -7  15  -3  17 -11  -6   4 -17 ]
[ -25 -21 -13  -7  16   6  -2 -22  -5  13  -8 -20  28 -20   4 -17   5 -21 -21  -1   7   4 -20 -17  -7 -12  37  17   6 -33 -21  -8 -14  -2 -20   9  15  -1  13   2  10  27   3   1   1  10   7 -18 -14 -27 -10   1 -11 -11  -7 -21   6   1  10  18 -36  12   6   5  13 -13 -26  14 -24 -28 -13  31  -9  13   7   2  -6  17   1  -8 ]
[  33  -9   3  12  15 -13 -18  -3   4  -4  -1  -3  17  29   9 -12 -14  -9   1  -6 -14 -28  -1  -9   5  -8  -8  -1  19  -9  -7  -3  13   0 -27 -43   2  -3  -6 -10  20 -12   8  -5  37  -5  10  11 -24 -24 -14  26 -22  19   6   2  -6   4  23  40   7 -10 -24  22  -7  -3  15 -17  27  -1  -6 -26  -8   1  11 -13 -46  16 -18  32 ]
[  29  13   8  11  -2 -18   8  12 -16  17 -20   6   0  20   8 -26   6   4  -1  16   4 -17  27  31   4  -7   9  47  32   2  -3  15   7  21  -6  -5 -13 -28   9   1   2   1 -23 -11  -9  10 -15  19 -11   6   2 -13  -1  42  16  -4   2   6  -3  23  13  -8   3 -24 -27  27  13   4  30   9   8   1  20 -10  18 -24   6  -6  15   8 ]
[ -26  -5 -37  28 -12  17   0  -2  19  -4  -3  12 -21   2 -16 -27   3   9  21 -19  18  15  -9  -3   6   7  -5  18  14  26  -6  19  23 -43 -30 -10  -7 -12 -13   4  -9  23   8  17 -15   4  -3 -29  16 -10  10   5 -19  -8  -2  26 -10  -2 -16 -25  -4   5  16  19  28 -11  -9   5  13  -1 -17  14   5  15 -18 -27 -13  -6   5 -15 ]
[  24  32   2  13  -8 -36  -2  13 -13   4  35   1  13   3  24   9   6 -20   6   7 -15 -12  -1 -20  20   1 -21 -17   0  -5  12  -7 -17 -10 -11 -34  -6   6  -6  26  33  -8  14  20 -21   4 -28  22   7  26   7  13  21 -36   4  16 -10  11  30  -4  16   5  14  12  18  21  25  -2  23   2  17   7   1  -4  18  -1   1 -10 -28 -13 ]
[ -17 -29 -30   0   7  -3 -11   1 -39   4   6 -10  26  10 -12   0   9 -13  -3  -6  -4  -4 -12 -16  -5 -23 -10  18  33 -19  16  -2  13  -4  -8  -4 -30   8 -29 -11  22  -5  -9   2  10  15  18  -5 -27   0  13  28 -22  11   2  25 -10  10  28  17  15   1 -23  36  -9 -15   3   4  16  -9 -36 -33  31  -9  15 -20 -15 -13  -9  19 ]
[  23   7  12  -2   8  12 -16 -10  25   8 -10  16   2  13 -35   5  13  13  -1  12   0  -1 -22  11   2  19 -14  28 -17 -13 -34   7  -2  39  31   3  29  11  14  12  -6 -13   5  26   8 -13   0  -4 -15   4 -27  -9 -25   9   7   4 -24   4  29  27  27 -18  14   8  13   5   9  -7   4 -11  15   5   1  -2 -18  -6 -16  27 -11   2 ]
[ -31   4   8   2 -14 -18 -15  -4 -41  10 -28  -1   8 -20  15  11 -18  19   4  12  17  -5  -2 -15  -4   4   3   6  14 -17  11  12 -19   1  34   9 -20 -33   0  14 -10 -25   7 -38   7 -19  30  35 -24   6  19  -7  -1  14  10  -2  12   2 -10  27  10  10  33   7  -8  -8   6   1  18   7  -6  20   8  -3  15  37  -2  15  23   8 ]
[ -11  13  13 -16 -12 -14   5  15 -25 -10  18  18   0   4  16  25  -7 -13 -11  -7   1  24  29 -23  17   5 -35 -15  20 -16  39 -30  23  19  18  -2 -19   8 -17 -20   5 -25  -1  -8  -5 -12  10   7 -18 -12  18   0  14  17 -22 -20  17  15   4  -7  28 -20  11 -13  25 -27  -1   3  23  -2  -4 -20  14  -7 -16 -14 -12 -19   2  11 ]
[   7  26  -7  -2 -33 -23   6 -32  18 -37  16   3 -21 -15 -14  13 -10  -5  -3   9   6   4   5  13   3  -8   1  -1 -24   7  16 -27  -1  -8  22 -18  -1   5   3  -6 -16  33  19 -11  -5  15 -15  -4  18  21  -5  -9   9 -22 -21  34 -33 -23  33   8  21   5   7  17   9  -7   1  -9  19  17  21   3 -20   2  14  28   1 -24 -28  -5 ]
[  25  14  -4  -9 -16 -11  17  17 -10   4 -17 -37  21  -5 -26   2   6  20  30  20  16  -6   5  29   4   6   8  10  15  13  22   5  14   1  14  -5 -28  -7  -8  -9  21  -9 -26 -23 -47   4   5   3 -10  25  -1  -5 -10  -4   7  25   7  -4 -10  12  12  19   4   6 -22  23  19  -2  -1   6  13  13  35  -3  11 -17  24 -11   1  -3 ]
[  15  40   1   7 -42  36  20  -8   8  -4  29 -15  -1  14 -18   9   9  29  -6   2  -2   5 -18   1   0  18 -10 -17  10  -7 -18  -9  14  -7 -23  -9  -8  12 -14  -7  32  -5   3  -3 -21  -3 -22  -7  -4  -4 -17   3  -9 -13 -13   3   8  19  -3   0  -9 -24   8 -11   7 -10   9  32  -3  22  -1  -5  24  11 -22 -23  11 -24 -25 -21 ]
[  25  20   4  -9  -3 -35   9   9   8  11 -11 -27  12  21  16 -13  -8  -3 -28  13  -6 -12  18  18  20 -13 -17  15 -13   3   8 -23   6  -5   1 -19  13  25  -1  -5  33   8 -13   0  -3 -13   0   7 -27  19  22 -10 -15  10   3  15  10 -10  11   6   6  -4 -13 -36 -12   0  -5 -30 -18 -26  49  13  39  34  -1 -20  14 -28 -27   7 ]
[ -23   4  -3 -24   9 -20   3  -5 -24   0  -9 -14  12  -5   3  18   4  -1 -39   0   5  -3  12   9  23   2  13 -28  -9 -16   5 -21 -10   9   1  17  35   0  -3  19  -9  -2  11  -9   5  14  13 -23   2 -22  18  16  -8 -27  -4 -10  10  36 -10 -26  -4  17   2  -9   1  11  15  14   6   4 -15 -14 -18  -3 -16  13  -1  23  -7  -2 ]
[  18 -31  14   3  17   7  11  13  13   1 -18   9  12  -3 -10  20   5 -17   6   4   9 -17  -3 -29 -10 -15  -3  39  24 -30 -10  22 -44   0  -4 -37  18   8   1   3  -3 -18 -13  11   5   4  -5 -36 -25   5   2   0   7  19  12  -5  15 -13  30  25   1  15 -15  40 -13   3  -8  -2 -28 -13  28  15  15  19  10 -26  -1  -4 -12   2 ]
[  -3   9  26 -32  -1 -21 -12 -37 -18  21 -20 -26  37 -11  -9 -23  10  16  -6  13 -15 -10  19  29  10  12 -16  25  -3  -6  -3   3  15   0  15  39 -17   4   6  -1   7  -6 -11 -12   3   7  42  13   0   5  25   1 -17  -8  14  -3 -16  17 -13   9  -8 -14  23  -1  -4  -5 -31 -26   2  11  13  10  -5  29  -2  10   2  19  12   9 ]
[  12   5 -23  15 -18  12   6 -16  29 -11  -9   8 -27  -3 -24  18 -19  16  43 -14   5 -33 -14   9  14  -4  -2   3 -15  -8 -14  -5   7   2 -13  10  36 -15  -1 -12 -35  -5  -3  14   7  -9   6  -7  11   0 -18  20 -13  12  -2  27 -12  -5   4   8  23   1 -10  42  17   1   5   0 -14  -5  13 -26   2  -6  16 -18  -7  -3 -13 -11 ]
[  15   3  21  -7   7  27  29  13  21  -5  -1   3  -6   9  13  -8  13  -7  18 -21   8  29  -8   7  14 -18  40 -10  -3 -14 -15  -7 -21 -13   2  -4  16   2  -3 -19  35  -5 -22  -6  -7  -5 -20 -14  18  -9  -5 -20 -18  -2   2   1  36 -18 -25 -12 -12 -11 -10   6 -14   6  18   6 -30 -13   9 -10  18   9 -27 -10  12   5   2  -2 ]
[ -11  11   2 -10 -27  -5  17 -22   1   7  17  27   2 -11  12   6  -3 -31  17 -20  -8  15  13  -9  -8 -28  12  17 -23 -21   1  -3   4   9  39 -33 -19  -3  24   5 -38  12  14  10 -21 -12   6  10  -6   2  -1   9  18 -23 -10  -7 -11 -13  16  23  24 -28 -10  30   7 -30   3  -2  22  -4  -1   8 -27 -27  16  14 -15  -5   0  -7 ]
[   0  10  -8  -8   4  -3   2   1  17  -7 -15  31 -14 -36 -19  19  -9  -9  22  -6  15  47 -10  10   0   9  15  33  11 -40  -4   3  10  10  34   3  -3  -2  -3   1   6   2  26  -3 -17 -23  -5 -17  -1  12  -1   6   5  -7  -3   4  16   6  20  12 -13  11  39  22  23 -18  -5   2  -3   3  12 -11 -20  14   5  18 -20  21 -12 -27 ]
[  -7  16 -23   3   4  13  16  20  22  -7   1 -15  -9  11  37  22 -32  14  18  -5  13   0  16 -20  -8   7  14  17  10 -25  -8  18  22 -23  12  22  30   1  10  -3   9   5  -9  -1   5  -2   3  35  -5 -19  21 -46   4  28   6 -30  22   4 -18  12 -38  -4  13 -18 -24 -28 -18   1 -20  -2   5  23  22   6 -12 -21   7   6   8 -12 ]
[ -12 -25  14 -20 -11  15  23 -27  -1 -14  -9 -16  17   9  -8  18 -19   9   5  10  17 -13  -2 -16 -34   6  -6 -14  21 -13  16  25  13 -10 -13  -9 -27  -5 -14   5   0  -7  -8 -27  12  19  30  25 -13  -3   7 -15 -11   5   3   5 -29   2   5  24 -12  -4 -16  30 -50   4  -2  -5 -24  18 -10  -2  -2  22   8   5  18 -13  18   2 ]
[  22   0  27   4  -8  37  -2 -16  27  -8 -46   2 -13  -3 -12  14  -8   3   7 -12  20  23 -15   5 -18  19  22  16   4 -24  -9   4 -13  -6   2   1  15  -4  30 -39 -28 -19   7  -1  18  -7  -4 -34   7 -25   1 -22 -10  18   6  19  14 -24  -8  38   0  16  18  32  -7   1  -3   0 -14  -7  24  12 -29  -6   2  11  22  22 -21 -13 ]
[   6  46  13   4  37 -23  -1  15  -2  17  11  -7 -16  -3  -6   7  17  24  -8  19  17   7   4 -15  29   9  25   5 -13 -22  26  21 -23  -7 -22  -8   6   6  -7   1  27   5   1   0  13  -1 -14  45  -2 -11  19  12  24  -6   6  -6   6   0 -16  15 -24  30  14  -1 -14  27  -7 -13   9   3   8   1 -19  14   5   1  -5  23  11 -11 ]
[  13 -23  13  10 -12  -5  13  29  21  19 -17  10  20  18  -4  20   9 -18  17  -3   8  11   9 -13 -18  20 -17  -4  18 -18  16  28  -5 -46 -18   7 -30  -2  13  -5  10  -7  19   3  -9   8   7  -3  14 -30   2 -32  24  25 -30 -17 -18   9 -45  13 -37 -10   8   3 -21  -8  29 -21  -3   2   0  22 -21   5   5  17   0 -11 -26 -12 ]
[  21  16  12 -12   5   4  12 -11  14   3  18  17 -45 -13  -5   8 -16  -6 -12 -10 -14  -5  -4   9  -1  -4 -17  -1  42  -4 -18  25  15  -7  17  19 -17  -9 -19 -29   5  -4 -33 -39   1  43 -29  35 -16  -4  17  -7  -9  22  -6  -9   0   7  12  11  28 -28   1  26 -24   4  14   6  -2  19  -1 -28  -7  -4   7 -27  21   6   9  23 ]
[   8  24  -7  -1 -18   2  24  -9  -5  31   1  -1 -37 -10  19 -14 -13  13 -14  -2  -8  -8  28  28   9  11  -6  22   0  25  13  11   7  -8 -20  39  -5   1  -2   3 -36   9 -17 -20 -20 -23  -9  11   6  -3  14   0  19  17  -7   9  24 -18   6  -6   5 -22   3 -31  21  15  -5  -4  13  14  14 -27  17  -7 -10  17  20 -14   4 -21 ]
[  21  -4   5  38  -6  -1   8   9  38  -5  10  10 -17  -2  -6  -4  -1  13  17  13  -5  -3   3  -3   3  17 -10 -22  -6  16 -21  21  13 -10  11 -33 -11   3 -20 -12  26   0  -4   6 -18  -8   0  11   5  27  15   9 -26   6  17  14 -10 -21 -10   9   3  18   5  -5 -21  17   1 -32 -14  -2  30  25  29  -3  -8 -17  24 -21   3  13 ]
[   9   5   0 -14  -6  19  -7 -13  11   7  -4  16 -42 -28   7  -8 -15 -25 -28   5  -3  25   2  -1   1 -16 -13  15  15  -2   2  19  17  20   3  37  12  -1 -11 -29  -1  12 -13  -2 -17  -1   6   3  16   3   9   1 -10  13   5 -17   4  -7  11  -6  -2 -10 -14  -6  30  22 -29 -10   6 -14   0 -28  20  -6 -33 -34  13 -30  21   0 ]
[ -29 -34   4  -7  12  20  -9   5   4  14 -18  29  16 -36  -2  10  21  -7   2  -6   1 -14   7  15  10 -28  17  12 -13 -23 -11  25  -8  26  36   7  12  -8   3 -18   5   1 -12   8 -31   0  20   0  -6  18 -36  -3   9  12  18  14   8 -27   8  18   1   5   8  13   5   9 -28  -4 -27 -39  17 -21  12   5 -18  33  24  -8  -8  -9 ]
[  13 -21  22   8  34  14  37 -15  44   1 -39  -4 -15 -16   8 -17 -25  11  11 -24  -4  10  12  39 -11  22   7  19   5  44 -20  21   3  25  -4  33  24  14  -1 -13  15  19   4  19 -10  -8  11  -2   5 -23 -15 -12 -26   1 -20   7  10   7  -1   0 -14  -9  29 -21   2 -19  -5   9  -6  10  19   4 -22   7 -32 -11 -12  24 -11   1 ]
[   4   2  -4  -1 -17  36  13  -7   3  10  -5   1 -20  18  -2  44   9  11   4  -2  10  -2   6 -10  -5  15  11 -18  20  -5   0   7   4  11  15  13  10  22  27  -7  -5  -5  -9   2  -3  -2 -19 -21 -11  11  10 -27  -3  24 -20   3 -15  -2 -11  22   1  -8   8  15 -14 -19  16  12  -7   5 -25   7 -13 -13  14   9  15   7  22  -1 ]
[   6  16  12  14   0 -15 -37  20   0  31  -9   9 -20 -11  -8 -12  14 -16  -8 -15   7  20  -7  13  -4 -26  24  17   7  -8  18   4 -13 -16 -21 -13   7  -8  -5  -7  -1  11 -14  17 -17  -2 -27   8  -8  16   0 -10  22  11  -4  23  13   3 -14  -7 -12  12 -16 -32 -25   7  16   8  19  -3 -38   2   4   7  -3   8   0 -35 -11  -4 ]
[   3  17 -22  20 -21  12 -13   9  14  -3  -9 -15 -30  -6  14 -37   6   1 -20  17 -10  19   4  24  26  -8  23   8   1  30 -19  -5  13  25 -17  -5  11  -7   9  14  21  20  19 -10  18 -14  11 -26   3 -16  -7   5 -16   4   2  12 -13   9  30  -1   6  -4  -1  -3  12   2   1   6   4 -27  -3 -17  37  -5 -36  14 -23 -14 -30  -2 ]
[  14  -9  15  15 -19  41  21 -14  48  29  -5   4  -5  -1  -2   6  21 -15  14  -4 -16  33 -11  -9   3  10  38  10 -25   3 -22   0  22  51  -5   1   4   7  15 -14 -26  23  14  28  -7 -10   5   3  12  -8 -40  14   6 -29 -13   2 -21  -2  12  -3 -12 -12   3  22  -7  10 -17   8  -7 -21  13   2 -16  15 -22  -5  13 -24 -20 -13 ]
[  10  -1  17  -4   2   5  -7  19  21  46   2  43  -1  13 -23  -4   6  -9  14  21   9  15 -17 -14   2  -4   3  28 -15  -2  -6  31 -19   1  12  -8  -6   0  21  25  12  -6   1  39  -9 -54 -19   3  -4   5 -18 -16  23  -8   4  -2 -15   4  25 -21   5 -12 -17 -19   1   4   6 -25  15 -44 -10  26  12 -26  14   7 -30 -16   8 -29 ]
[  24  29  28  -6  12 -16  -6  15   1  21 -25  -1  -2  18   1  -1  -1   8 -14   7 -30   2 -19  -2   1  23  -6  10 -30   5 -12 -12  21  26   9   4  10 -20 -18 -16 -12 -22  20 -16  16 -21   4   5  -9   5  -3  25  -8   2  16 -21  13  11   7  -6  -9 -17  -5   8   1   9   7 -11  11  -8  -6 -26 -28   3   8  36 -12   9 -12  15 ]
[ -21   4  -8  24 -29  -1   0 -16 -15 -11 -18   8  30 -19 -13 -20  47  -7   4 -23 -14  -4   6  22  29 -17  27  25   7  -3 -17 -19  24 -10  31   7   4 -17 -18  -9  -3  14  -6  23  -8  22   3 -10  24 -10 -21   2   4  21   4   8  12  47 -38  15  10 -11  -1 -43  25 -10   6  36  22  -9 -25 -24  13 -28  -4   1 -18 -18  -4  15 ]
[  10 -10  -1   0  30  10   1  -4   7 -11   2  -6  11  23 -23  -3  12  -3 -18 -23  19  -5  -8  -3  28   1  17  15   4  -5  11   0  23 -28  -8 -29  11  16   2   9   7  -5  19   5  -9   0   1 -16 -21  -3 -19  17  10  -9  17 -14 -11  23  24  30 -11   5  -7  17   4  20   5  -3  15  -6  13 -22 -14  18  -9   0 -31   9   2 -23 ]
[  10   5   9  -9  20 -10 -11 -22  23 -25  10   8  -5 -17   5  -4  20 -18 -16   4  -4  19 -12 -15  17  -8   4 -21  -7 -35 -21 -28 -33   4  -5  -4  45  -1  -9  -8 -26  -4  32 -21  33  -8  13 -27  -6 -51  -4  -7 -17 -25  -9 -21   9  30  -8  -6  24  -4  10  -3  22  -1  22   2 -19   3  15  -9 -30  -8 -11   4 -16  26 -19  21 ]
[  13  -2  -4  22  25  -5  20  17   6  20   8  -1  13  13 -17  19 -18 -32   2  12   2  21  -6 -13 -11  26   2 -15  19  -2 -10 -31 -34 -54  21   9  17 -21  12 -20  14  26   8  -9  -6  -5   2 -37   4  17   2   1  17 -10  35 -19  18  16  14  10 -41  13  -8  25   2  10   1  30 -16 -10 -14  12 -33   2  -7   8 -11  23 -11  22 ]
[ -32 -31 -35  10  11  13  -5  30 -18  17 -15 -10 -12 -14  21   2  -4  -3 -14 -20  17  18   7   9 -24 -37   4 -25 -13   1  27  -9   6   6   8  -3   2  21  -6  10 -41  10   5 -12 -21 -24   8  13 -21  -2  -7   4   3   9   5 -10  19 -38 -23 -14 -21  34 -22 -19  15  -1 -17   5  -7   3  -7   3  26 -19 -10   8  35   1  29 -17 ]
[  36 -20  10 -19   5  22  13   3   3  27  14  16  14 -14  -5   6   8 -30  -6  -2 -18  14   0   0  -9   1  10  -4   2 -24 -21  16 -16  12  11   2 -12  27   6   7   6 -15 -26  27 -13  -7  -3 -10 -11  -3 -17 -14   2 -16  -8  -3   4   6  27 -16  -8 -23 -24  -8 -19  22  24 -10  19   9 -16 -16   6   0 -11 -16 -20 -23 -18 -15 ]
[ -32  26 -17  -7   5  -3  23 -19 -18 -37  13  -8  11   0  -7  20 -10  47 -10 -12  20   2 -22  28  41  -1  -1 -13  -1  -6  11 -23  31   2   6 -11   8 -23 -16  -8  13  -6  25   6  25 -15  29   5  32  26  31  -1 -37 -14  -5  12   3  24   4  24  13  14  15 -22  35  13 -14  14 -17  -4  23 -36  -2   0  18  17  16  17 -19 -15 ]
[  -1   7  18  -9  -1 -14  23  14 -12  -7  -2 -16 -30  -6  21 -11  -9  20 -13  -1 -11 -17  29   1   0  -5 -12   0  28 -18  -3  21 -14  13  -9  22  -6  -1  -5 -18  13  -3   2 -37 -15  17   0  47  -1 -25  12   9  -6  -7   6  -5   4  23  -1   6   4 -12  -2 -19   2 -19  14   2  13  33  17  -5 -26  -6 -23 -34  -7  24  23  16 ]
[  -8 -24  -9  21  -2  23 -17   1  21  35 -14  13  -5 -36  20   7  29   7  36  -6 -12 -22  -5 -21   5 -15  18   9  15 -10  -9   9 -13 -20  22  16   7   8   6 -16 -19 -27 -11  15  -5 -27  17   0 -29 -19 -11  16  28  16  -2  13  11   4  -1   5  18  -9  -2  24  18 -20  10 -12 -17   4   3 -13   0  -3  14  19 -13  16  22  16 ]
[  15 -14 -26   3 -15  14  12  24  -7  37   4   1  -6 -16 -35  51  26   0 -17   6 -16  -9   3 -19 -27  15 -15 -10   3 -14  -1  -4  -3  11  -4  37  16  29 -41  -7 -10  -1 -35  12  -8 -11  13 -21 -20  -1  -4  14   1   6  -8  11  -7 -11  15  -2  -1   1 -10  17 -29  17   3 -22 -16  13   9 -44  27   7 -19  -2  -2 -24  -1  27 ]
[  15   7  25   6  -7   0  23  10 -25   4 -16  19   2  38  -3  33  -3 -26  -3  -6  -9  29  29 -10   7 -10   2  25  -8   9  15 -27 -19  -8  20 -30   5  -1  -1  11 -20 -15  18  26  34 -19 -13 -28  11  22  26 -38  36  -2  18  -5  30  16   7  -6  -1   9 -16 -16  11  10   5  -8 -17   3   6  18  12   8  -4  17   4 -22  -3 -15 ]
[ -25  -3  -6   9  20  12  -8 -15 -11 -30  -4  -5   9 -21   1 -23  16  20 -22  -7  32 -14  12   4 -36  -5 -15   1   7 -21  -3  17 -30  -6  -9  24 -59   7  -1  -3  12  14  17 -11  -1  10  -8  26  -4  20  -9   0  15  18  26   9 -11 -18   2  43  -8   1  -5 -11  -3 -30 -11   4  -6   7  33   7  -6   1  14  19   5   0  13  -4 ]
[ -16  -5  -4 -41 -25  18  -2 -23   2 -35  -4 -17  11 -14 -20 -25 -20  28 -28  27  -5 -19  30  32   2 -20 -26 -30  -4  25  32 -10  38  -2  22   1  -6  15  38  23 -25 -13   7 -25   1 -18 -13 -14  11  12  20  -3   1 -11   0 -14 -30   9  -1 -11   6  -1 -11  -9   2  -1 -11  -5 -21  12  30  10  23   2   2   0  35  -5  34 -17 ]
[  29   7  20 -28  -7 -18 -12  -1  -3  -2   2   3 -10 -22 -10 -20 -10  15  23  28 -21 -26 -30   4  -1  -8  -6 -12  -6  16 -25  25  -9  -9  26   0  -9   1  -4  -1  -5  -4 -28 -34  43  -1  13  -6 -12  -8  -8  -6 -22  -9  -4   9   5   6 -11 -17  18   5 -18  -2 -20  -7   1 -40  -1  14 -11  -9  -5   8  23  -2   3  20   7  40 ]
[   8  16  12   0   3  -2 -15  25 -30  12 -23   1 -30 -19  42 -19  11   4   8  -7  -4  15  19  28   7 -17 -23   6  10   4  -2  -2  -4 -12 -26  -4  -3  17  -9   7   6   7 -27  19  12  -9   8 -20  15  17  15  14  -5  19  29  -3  29  -4 -23 -11  -3   6 -26 -30  14   5 -26 -17  30 -10  -3  12  22 -10 -10 -23 -14 -11  22  -7 ]
[  20  16   7 -10 -26 -19   5 -10  -4 -39 -23  13 -12 -35  15   7 -36   4 -10  13 -19   9  22  17   8   3 -31 -14   5  35   4  -5  17 -20  17 -19   4 -23  -9  -1  11   1  46 -28  -8 -23  11  -3 -15  -2   4  -3  17 -21  15  -9 -12  -8   6  10  -4  26   4  21  20   3  19  -6  -2  18  44   5 -33 -12  -7  17 -24  20  -6  15 ]
[  -7  -1  -5  38 -11  10   5   5  13 -16 -10  16 -22  -9  15 -20  26   0  -9   3  17  -8 -13   4  -2  14  -9   1 -10  16  15 -18   9  15  -5  -4  15 -19  19 -12 -24  10  32  24 -25  -2 -58 -13  29   5 -39  -5 -20  24 -11   2  -2  -3  10 -24   2  -1   0 -10  41  -9 -26  26  34 -10  -9  -6 -15 -20 -11 -16 -12 -14  -2 -21 ]