[ -16  -8 -11 -13   2   3  22  -5 -11  18  -3  -1  12   2   0  -3   0  13  11   2  -5 -11  -7   7  31  -7  25  -2  -8  14  -1   6  19   2   3  -9   3  -4   7  26  -3  13  -3  -6   8   0 -10 -11  20   6   2  14  -6  -3  -1   3  -3   7  -8   5   1  -3   4  11   1  -5 -15  14  -2   7 -19 -17   9   4  -1   3   0  -8 -11 -14  15  -8   5  13   3   0 -11  -8  14   0   0   4 -16  -2  -3 ]
[   2 -15   0 -12   4  10  20   8 -12  -7  -8 -12   0  -6 -13  -1   2   7  10 -13   5 -26  -6  -3   9  -1   7  11  -3   2   1  -2  14   1  -6   7  -2  10  10  25  20   4   7  -7  -4   2  12  -3  -1  -5 -12  10 -11  -3 -24  14 -14   7 -17   6  -1   2  15 -14   3  23 -12  15   4  15 -11 -31  -5  14   7   2   2  -4   8   5  13  -6   9   2   0   9  -8  -6  15 -15   6   4  -9  -3  -8 ]
[   2 -14  -7  -2  -3   6  15 -13   4  12   7   9  10  -9  -7   9 -18  14  -7  -8  -8  -2   1   3   1  -9  -4   7  -1   1  -5   1  10  17  14  -3   9  -6  10  16  -9  22  -7 -24  11  19   5  -4 -20  -1   4  16   3  -8  -4   1   1   0  -5  -1  -2   9   9 -18   2 -17   5  -7   0  10  12  -8  -7  18 -10  -8   0 -12  -2 -13  12  -6  -4  24   7  -5   0  11   3  -9   1  11 -28   4  13 ]
[  -2 -10  -6  -2   5  -8  -9  -4  -7  20 -19  -8   3   1   4 -18 -15   3 -23  -9  10   8  -5  16  34   2 -11 -13   0  -3   3  -1   4  16  20   1   6   5 -11  24  11  -3  -2  -4   9  18 -16   4  -7   2   6   0  14   6 -14  -7 -15  -2  -9   3   3  23  -1  -1  -8  -9  10   7  -7   4 -19  -4   3  12   0  -5  11  -4   4  -5   5 -12   7  12   7   5   0   0   0   2  -1  -4 -11   8   0 ]
[   0  -5  -1  -5   4  11 -16  -2   4   6  20  11  19 -11  -4  -6   1 -14  21   6   0   0 -14  -6 -33  -3  -1  10  26  -4   4   2  -1   8  -4   2  -5 -22   7  -5  -2  -8  10   1  -4  -5  15 -15 -12  -2  -9  -3   1  11   8   8  -3  -2  -2  -8  -9  -6   3 -12   7  13  -4 -15  -1 -10   9  -5 -15   1  13   7   0   4  20   7  -4  18 -12 -16  -1 -12  35   5  10  -3  -4   3   8  17  -5 ]
[  14  16  -8  12   5 -10 -14  -7  10 -20   8   5 -11  -5 -12  -5   9  -3 -17   1  -6  -1   7  15 -14  -6   0  -1 -13 -10  -5 -13  -6   1 -10   9  18  -3   9 -10  -2  11  -1   1   0   5  -7  12 -10 -24  -4   8 -14 -24   0   6  -2 -22   5  -1  -4  -8   0 -13 -13   0   2  -9   0   6  12  10  -4 -23   0  -3   4   1 -22  10  -2   4 -15  -6   8  -8 -10  13 -24   1  23  -7 -17   3  13 ]
[  -9 -21   9  15   2  14  25   4  -4  13  23   0   3  -7  20 -21  -6  11  23  15 -13  21  -6   1   1  -7  14  -2   7  11  -2  -9   9   7  -9 -16 -17 -28  12  -4 -22   7  14  -9   8  -2   5  -8   4   3   9   5 -15  -6  -8   0  -8   0   5  -3  -5  -6   1   6   2   4 -16   1  -5 -15  -9   3   1  -9 -10   4  15   2  -1   5  -1  25   3   0  -1 -11  14 -11   9   8 -17  -8  -3  12  -9 ]
[   0 -15  14   4   6  26  31   5   3  31   2  14  -5 -11   5  -5 -11  22  15   4  -7  20 -24  19  -5 -12   6   6  13   4   2  -4  -9   9   8  -8  -8 -21   9  -3 -19  10  -6 -12  -1  13   4 -21 -11  -2   9  16  10  -2  20 -10  -3  -4 -11   0  -7   2  -1  -7  -9  -8   4 -16  -2  -8 -11   2  13  -6   9  16  15  -6  -7 -28  15   9  -1   1   3  -7  -2   5   1   8 -13   5 -10   0  23 ]
[   9  16  18 -15   4  13 -21   6  13   6  12  14  24  -8   3  25  -9 -10  19  -2   1   8 -10 -14 -31  13   6   1  21  -5  -9   7 -25 -11   7   8 -13   1 -15 -17   4 -15  -8  11  -2  12  10   3  -1   5   3 -17  -6  18  19  -4   7  12  -5  12   9 -14  -7   4   2   6 -10 -10   4 -22  -3  -8  -2  29   0  13 -14   9   7   4  -4   0 -15 -17  -8 -20  21   2  14 -10  -8   2  21 -23  15 ]
[   8  13 -11   6   3  -8   5  -5  -2   5  -2  10  20 -11   8  14  -4   3   2  -3 -25  16   6  11  12 -13  -3   0 -17  -6   5 -16 -14   4   2  14  11   5  -1  -6  -8  25 -11   4  26   6  -9  10 -19   8  11 -10   4  -2  -5   4  -4  -4   0   9   0   5  -8  -8  -6  -6   7 -18  13   7 -10  15  13  13  -5   1  -6  -8 -22   6  21 -31 -13  19  -8 -17 -17  -1  -8  -4  11 -15 -17 -18  18 ]
[  23  10  -7  -3  19  -1  11   9  -7 -11  -4  -7  -8  -7  -2   4  -3   2   1  -8   8 -11 -12  11  -8 -20   6  -6   6  -8  13 -11 -14  -3  -6  20  12  14   5   9   9   2  -2  16  -2   2  -2   6 -20 -11  -2  -1  -7  18   8  -6  -4  -1 -11  20  -3   1  -8  -7 -11   9  12   2   9   2  -9  -2   9  26   4   8   1  -4   8  20  22 -17   3 -14 -21  -8  -5 -15   7 -18  19  -7  -7 -38  11 ]
[   3  -9  24   1 -10  24  35  18   5   1   3  -4   1   3   8   8 -11  21  -9 -10  -4  -7 -13   9  -1  -2  -2   1   5  -3 -21   4  -2   1   9  -3 -17   8 -10   6 -14  13 -11 -14  -7  35   6  -3  -3  -9  -1  16   2 -12 -19   0   5   8   9  16  12   0  -5  -4   7  -2  -7   0 -31  -8 -18 -15   0  16 -25  -4  17 -11 -14  -6  10  23  -2   6   0  12 -21   2   5  -6  -3  23  -6   3  11 ]
[  20  -1  -7  14   8 -19  23  13 -12 -33 -10 -17 -13  -2   9 -16   9   9 -21  -3  -1  -6 -11  11   2 -21 -32   2   5 -20  16 -21  -7  13 -16  12  -3   3  11 -10   9  13  14   7  -4   2  17  10 -27 -33 -14  11  14   5 -16  -2   2 -14   3  -8  11  21  -6 -24 -17   9  13 -26  -4  11   7  -1  -5 -16 -20 -13  11  -8   2  17   9  -4   1  -3  -7  15 -12  -9  -3  -9  11  -5  -1  -4 -16 ]
[  17   6   3  21 -18  23   3   2   2 -47   9   7 -19  -6  -9  10 -11  -9 -16  -3  -2 -10  22   0   6   7 -15   5  -1  -6  -7  -1   4 -12   1  -3  -1  16  -5   6  -6  -3  -2 -19  -4   8   9   1  -6  -3  -1   2  -4 -21 -43  17   4   1  10  10 -10   7  -2 -27  15   9   9  17  -6  -7  -7  -8 -17   4  -7 -18   8   2  -6  12  12   8  -9  21 -14   5 -15  14   3  -3   9   1 -19   9  -2 ]
[  -8  -7  -4  19  18  -1   1 -12  -3 -19   9 -11   3 -14   4   2 -14  -6  23   1 -23  13  -9   4   5 -10  15   0  17  10 -12 -11 -10  -2  -2  -3 -13 -15  -7  -9 -12   7   1  -6  16   8  14   0  -2  -8   0   0 -19   2 -15  17   7 -10  -1   5  -6  -1  -4   1 -14  18  -4   1  -5 -26 -16  -4   7  -4 -19   2  -5   5  -8   4  11  -3  -4   1  14 -20  -8  -6  23  -5  -1   2 -14  -2  -3 ]
[   9  13  -3   4   6 -30 -21  -6  25  -1  14  -5   3   5  11  -4 -16  -3 -36   5  18   1   8  13  -5 -10 -11 -14 -10  -9   9   5   2  12   9   2   1  -3  -1   1   1 -15 -12   4  10  25  -3  16  -1  -9   6   7  -3   4   6  -5  -3   0   7   1  15  -3  -1  25 -20 -28  17  -8  -6   6  40   9   1  10 -35  -9   3   0 -25   1  -8  -1  -2  -2   6   4  14 -11 -29 -18  27   5  -8  -5  -1 ]
[  -5   7   7 -11 -12 -14  -7  18 -12  -7 -25  -2  -8  11  14  17  10   1 -20  -9   7   1  10 -16  11  27  -9  -8  -2   1  10   1 -12  -4  -8  17   2  26 -11 -20  35   7  -2 -11  11   2 -11  22  -1   3 -10 -21  -8   3  13  -2   5  -1  -9   0   9  15 -10  -7  -2  16   1   1   8  26  -8   2  -2   8  25   5  -7  13  20  12 -25 -19   9 -16  -2   7 -11   9   1   1  -8  -3   6 -15  -7 ]
[  17  -1 -10  21 -12  11  -7   2 -23  -8  16 -10  -3   1   7  -2 -21  -4   6  -4 -26  -9   1   1  11 -17 -19  12   4   2   7 -11   5 -16  10   1 -16   2  -7   7 -15   9  -6   8   6   0   3  10  -5   9   4   7  16   4 -37   8  -5  -3   6 -20   1  13   0 -11   6   7   0  -2  -8 -11  -8  -5 -16 -11 -16 -16  18   8  -2   8  25   2   3  19  -5  17 -15 -10  -3   2  -5  -6   0  14 -15 ]
[  -9 -14  47   2 -21  10   8  10  14   9  -2  19  12   4   5   5   6  17   2  11   4  16   4 -18  -9  31  15 -12  12   3   2  20   5  -8 -17 -23 -16 -12   3 -31   7 -19  -4   1  -8  17   4  -9   9  14  -2  -7 -13  -7  13 -11  -6  20  -5  22   2 -22   5  29  23  12 -11  -3  -6   4 -16   7  -5  14  -2  17   7   0  -4   1 -20  11  -4 -20   6  -2  22   8  -1  11  -9  14   8   1  -1 ]
[  -4  -2  19   3 -25   6   1 -14  20  12   0   9  10   9  -5  -9  -7  -4 -22  10   8   2   4   8 -17   2 -14  -6  10  -5   0  24   2  17 -18 -19 -13   3  -4   3  -9 -30  -8 -12  -9  18   8 -15 -12  17   2   2  22  -1  -6  -2  13   5 -11 -10 -19  -1  -2  16  27 -10  22 -17 -10   8  13   1 -15  21   5  -6   9 -18  -7  -9  -7  11   3   0   4  15  25  15   1  -4   8  27  -4  35  13 ]
[ -12 -19  -8  -4  10  -2  -1  -2 -15   4  19  -5  -7   9  -8   7 -12  15  27  -4  -1 -13 -14 -17 -24 -15   9   3   7  10  13  -6  18 -11  -9 -12  -2  -4  11   3   5  24  13  -1  -9 -17  22 -21   6   5 -21  17  -3  13  18  -2   6   7   3 -12  -2  -9 -10 -13   6   9  -2  -6  -3  -4  12  -8  -2 -15  20   6  -7  11  36  -6  -9   1  19  -5   9   9  -3  -8   8  -1  -4   9  26  -2 -23 ]
[  -9   6  18   6  -4 -24  -8  -1   4   1 -24  -5 -13   1   7 -11  17 -11 -22 -12   6  12  -1  17  -5  14  -8  -7   3 -10  21  -3 -29   7  -9   8  11  25 -11 -15  13 -12   1  22   2 -15  10   8  -4   8  -5 -14   5  11   1   1   5 -14 -29   6  -1  -3 -16   8  -3  12  11   0   8  16 -19  21  20  -2  42   1  -2   0   6  21  -9 -25  24 -18  -8  -9  -7   2 -12  17  12  -5   4  -6  15 ]
[  -4 -10  10  14 -11  -3  29  20  13  14   2  14  -5   1  14  -4  21  -6   8   7 -14  11 -14   0 -10  -6  -4  12   1  -6   7   1 -25  10   0  -1   4 -26  10 -27 -12   4  12   5   7 -34  23  -8 -13  12  -1 -25  14   5  17  -6  15   1   7  -2  24  -9  -1  -2   3  -2   5  -7   4  -4  20  30  23 -24   0   3 -10  -7   4 -15  -7   6  -8  -2  -6   0   4 -10 -27  16 -26   3  15   5   1 ]
[ -14   4 -11  -1  -9  -7 -26 -23  -1  29   4  23  28  -9 -17   2  -3 -11  18  -5 -14 -10  -3   1  -7   1 -13  19  12  -3   5   5   9   2  10 -12  14 -13  18  -6   1  -1  -8  20   9  -2   1 -17  -9  15   6  11   6  21  -6  -1   5 -15 -22 -32 -10  -6   9   8  -2 -15  -9 -21  11   6  -8   3  14  -9  17  -2 -13 -12 -10  -6  25 -28 -17   5   6  -3   5   0   3  12   9  -1 -23  22  15 ]
[   4  -6   7 -10  11  -2  -2 -10  35   3  -1  -3  -4   3  -8   5   9  11   7 -21  27 -13  16 -10 -20   2 -15  19 -14   8   5  -3   5   0   2   6  -1   4   0  17  -3 -12   8  -2 -13 -22  30 -17  20  14  -9   7  13  -2   4  25  -9  21 -17 -15  14  -9  12 -15  18 -10  -2   4   1  11  51 -12   4 -11  21  -7 -10  -3  12   6 -18  -3  12  12  -1   5   9  10 -23 -16   7   7  26   2  -6 ]
[   8  -4 -15 -18   5  -4 -26  -4   7  20   2 -17  17   9   6  -9  11 -12  -6   6  22  -3  -5   4   7  10  -7  21   9  -2  19  -2   9   7   9   3   5  -5 -20  25 -13 -18   3  24 -13 -28  -8   0  33  -5  14  13  26  10  23  -1 -23   1  -7 -15   9  17  10   4   5 -15 -17  -3  -3   5   9  -4   1 -20  16 -18  -4   3  22   1 -11  14  20   3  -3   2   7  -4 -12   6   0  -7  12  11  -4 ]
[  -7   6  -4   5   4  11   8  26   5 -19  26  20  14 -11  -7  17  -5 -25   7  10  11 -29   2  19  -6  10   6  16  -6 -13   7   1 -16  14 -10   3   1  -6  -1  -3  24   2  13 -11  11   6   7 -11  22  -8   1  -7 -26 -11 -11  19  -6  -2   7  11   8 -22  -7  -9 -12  24  -4  -3   1   7  -7  -5  11  -4   5   0  -5  -5  -8  -5  -3  -1 -15 -11  -1  -8  -1 -10  -2 -16  34 -14 -10   7  -6 ]
[ -32   5   0 -13  -6 -28 -10  -3   2   5   1 -22  26  12   3 -10  -8 -21 -10  -6  -2   9  -3  -8  -1   8  -4   2  -8  -3   0  11  13  16  -1   1  11  15 -17  11   4   2  -7   3   9 -10  13   4  12  18  -9  -9  -8   6 -21  14 -10   0   7   7   2  19 -16  14  -9   2  -4  12  -3   0   0   0  20  13  15  -2 -18   5  11 -13  -2 -13  10  19  -6  10  10  -8   7   1   7   7   4  19  -1 ]
[ -11  14  -5  -4  -3   2 -15 -10 -13  -7  -9   7   6  -7   6  12 -12  -9  12   9   6  22   4 -19  -4   4 -11  20  -8 -12   7   2 -13  -9  -7 -11 -10  19 -12 -20  -4  -3   6  15   3  -9  -1  10  12  -2  14  -6   6  23  -4 -17  28   2  -3 -20  -5  -4 -19   8 -23 -14   5 -10  20 -16  -9   9   2 -11  -6 -27 -16  -3  -6   5   5 -18   3  -3 -10  -1 -21  -8   8   7  -1 -26  15 -22  -1 ]
[  -2 -29 -14 -21  20   1 -12 -12  -6  34 -18  -4  -5 -26 -29  -5  -9  -9  15   7  20   6 -16   5 -22 -23  16  10   3   5  -8  10   9  13  36  -4   6  -8  13   3   7 -14   1  -8   0  16  -1  -9 -29 -13   2  15  13  17  20 -18  -8  -2 -10  10 -14   2  19  -1 -27 -12  15  -1  16   3   3   9  -6  22  -5  13   6 -15  -6 -15  14  -1  -2 -14  22  -1  14   8  -3 -17   6  -4 -14 -14   8 ]
[  -4   2 -13  -9   9 -30   7 -16 -23  10   8   1  30   1 -27 -10  -5   2  -6 -16 -33 -14  -1  -3  -6 -18  18 -10 -16  -5 -11  -3   9  30  -4  16   4 -16  11  16  18  38   3   1  13  -7   8   8 -29  -7   3  -3 -16 -12   5   3   0  10   0  16   4  -3  11 -19   2   8  -8   0  21  13  13 -11 -11  26 -14  15 -25  -3  11   0  13 -25   2  15   4 -23  30  -5  22  -7  -1  -7  -5 -11  -8 ]
[  -2  14   8  -3   7  -9   3  -2   5   1 -10  20  11 -12 -24  26  19  15  18  -4   3  -2  27  -2  11  12   9 -14  -9  12 -12  -9  -9 -10   7   3  -2  -4   5 -13  15  -5 -10   8 -16  18 -18   3  21  -3 -11  -6  -6 -11   5  -1  -8  -7   9  15   1  -9  10  18  -1   3  -4 -19   7  -4  -9  10  15   8  -2  28   1 -15 -32  -8   0 -11 -15  -5  13 -15   8   8 -13  -4  15  -6  11 -16   5 ]
[ -20  -8 -15 -31  21  -4  -9  -1  11  -1 -36 -19  -2   5   6  -5  22  11   9  -8  26 -11 -10 -19  10  13  21   1 -24  -4  -2  15  28   2   2   6   8  -2  11  10  18  -8  21   7  -2   4  -2   7   5   0 -10   2  -3   3 -14  10 -13   9   8  -6   8 -13  28   8 -15   1 -14  30   7  18  12 -22  -2   9 -11  -2 -12  -1 -14   3   3   1  -9  -1   0  14 -12 -16  -5 -15   1  -2  11  -5 -31 ]
[   3  -7 -11 -24   5   9  -2 -10   7  -4  15 -10  44 -11  -6  10  -8 -18  20  -1   0  -6 -15 -10 -30 -16 -17  31  -6 -18 -13 -11  18  11 -10   5  16  19  16  10  -5  10   5   4   8   0   5   4 -30 -10   0  -3   7  27 -19   8 -12   4  18   2 -15  10  -2 -10  23   6 -10 -14   7  12   9 -11 -11  22   0 -10 -23 -13  14  11 -11   3 -27  13  -7   6   4  -1  17 -25  10  -2  -5   2   9 ]
[ -25  11  11 -12   6   0 -34 -13 -11   0  22  -5  14   2 -15   2   5 -27   5  -1 -15 -31 -13   9 -17   6  -3   7  14   1  -6  20   3  -4  25 -16  -8 -14   3  -3  -3 -15  -7  21 -13  17  -6  -8  42  -1   2   4 -15  11 -20  23  -2 -22  10 -12  -2 -25  -2  38  -6   7 -23   7  -6  -3 -13 -20  -2 -16 -16   6   2  10 -28 -10  10   2 -10  -7  10 -10  21  -1  22   7  13   7  -4  30  10 ]
[   1   4   3 -16 -12  16  10  30  14  -2  -7  15  -6  -3  -7  18   7  16 -18  -9  26 -36 -18  12  -9  29   2   3   1 -20  11  13  16  -4  -1   7   6  13   7 -16  20   7  -3  12 -22  14   4  -6  -3  -5 -29  12 -12  -7   7 -15  -9  -2  -3  15  12 -21   4   3  -3  12  -2   6 -20  24 -14   3   2  10   5  11  11  -5  -5   0  -5   2   6 -12   0  15 -16 -10 -16   7  15  22 -10  -3  -1 ]
[ -11  -4  12  10   6 -12 -22   4  -4  -1  14  -1  -6 -15 -17   2   9 -25  -9  11  12   5  35   8  -5  10  -9   6   8   7  -8  -4  10   6  37  -8  -8 -16   3   9   7 -12   2 -12   6   8  19  -4  14 -10  17   6   2 -23 -15  18   0   5  -5  16  -6  -4  30   2  -2  -8  -3   8  -3  -4  14   5  -7  -5 -16  -1  -5  -3  -7   0 -18  22  13  -2  16 -19  22   7  -7   6   0  -8  -1  16  -5 ]
[   6  20  -5  -6  -5  19 -27 -20  -6  -3  -2   5 -22  26  15  10  -5  18 -13   0  17   8  37 -20   3  10 -10 -30  -2  13   0   2  17 -43   9 -15   3  14   6  22 -10 -18   3  13 -17  13 -36  22  15  16  15  -9  11  24  -9 -21  27   3   6 -17 -18   9 -12   8  16 -22   2   7  13 -10   5  -9  -6   9  -2   0  -6  11   4   9 -11  -3   8   9 -13  -1  -9  -3  -2   6 -12 -16  29 -24  -1 ]
[ -12  15   9   5 -12  -3 -14  -6 -10   5 -11  17   8  14 -12 -18  19 -14 -23 -10  -1   0   4  18 -18  26 -25   7  -7 -25 -14   9 -14 -12   4   0   5   1 -10 -27  -7   5  -6  27 -20 -12 -10  -1   9  10   0  -8  21  -3  -2 -19   5  -6   6   2   2 -12  -1  10   9  12   3 -14 -10  -1 -19  23   3 -13   0   2   7  -5   9   8 -21  -4  -5   1  -5   5   4   6   3  32   5  -5  13  27   9 ]
[  -5 -29  15   5  10   6  -3  -9   3   1 -27 -16  11   3   0  -6   2  20   9  -9   3  26 -10 -27 -32  -1   3   9  -1   3 -16   8  -7   3 -15   8  -6 -15 -16  -3 -27  11  -4  -2 -18   5  10 -11  -4   2 -12   8  10  -8  10  -1 -10   3  14   4 -17  14  13  -4   8   8  11  -6 -23 -26  16   6   6  22 -11  -3   3 -12  23   6   4  11   3  -9   5  -5   1  15   1  -9 -11  30  22   2   2 ]
[ -15   9 -22  -7   8   5  21   0 -17  -1   4 -11  16 -23   9  10   9 -10  32   6  -8   4  24 -17  19  -3  25  10   0  21 -25  -2  -2  -9  -6  -2 -30  -1  -9   0   1  -3   9   4  28 -13   9   4   9  14   7  -9 -25  -4  -5  10  35  11 -16  -7   3  -8   1  11 -18  -3 -15  11  21  -5 -17   1  15  12 -25   3 -21 -13  -5  16   3 -11  11  -7   5 -16  -8 -23  28 -15 -10 -20  13 -17 -19 ]
[  -6 -14   6  12  -3 -17  13  -2  15   4   3   8  11  14  -4 -23 -23  22 -15   3  10  -1  24 -13  10  22  14   0  -8   7   7   0  20  18  -8 -23  10 -19   3   8   2   6  19   5  -7  -7  13   5  46 -13  14  19 -20 -20  -5  -5  -4  21 -21  -6  21   6  16  -1   5 -16 -32  -1  -8  -9   9 -11  14 -13 -19  -4  -8 -17 -13   2   3 -14  10  22   8  -1  11  -9 -25   2  15 -19   1  -2 -16 ]
[   6   5 -11  19 -24  -8  -1  -1  -4   5 -16  -6  -4  -7   7   6  12  -2 -19   1   7  -4  26   2  14   0  -3 -12  -2   1  12  -7 -27  -8   3  17   7  11 -11   3   9 -14   8  10  15  -1  -2  31  -4  25  -1 -25  17  12 -32  -2  11   1 -13  -9  16  -6  -8  -2  -4  10  10   1   5  13  -1  22 -11   0   0 -29  15 -11  -7  22  13 -25  12  -3  16  -6  -4   7 -41  -9  -1 -19  10  -7  -5 ]
[ -10  10 -23 -22  -6   4 -14 -10 -19  -2  -2   9  35  -8  -2  -6  15  -9  -5   0  -3 -16  -1 -11  17  -1   3   3   9 -20   2   4 -19  11  -3  27   4  22 -17  28  19  13   8  -1  12  -4  -1   6  14 -15 -23  -4  -1   0 -17  17   4   2  -1 -10   9  -3  -8 -22  -7   8 -13  -5 -10  -6 -25 -32  -1   6   8  -8  -3   1   5  19  16 -11 -12  -9   2  -3 -26   2  12 -13  11  -5  18   1 -17 ]
[   3 -12  16 -10  16 -16  26   7  -9  12  -7   1  15  -5   0  10 -10  49  -2 -15  -2  29  -6  -5  12   6  -6  -7 -10  -7  35 -25  16  15 -10   6  -8  -2  19  -8  15  36  -5  -8  -5   6  15  14 -22  -9  -6  11  -3 -16  -3  -8 -30  15 -20  27   5  24  11 -15  -9   7  -7 -25  19  27  -4 -15  -4  29   1  22  -6  -8  10 -12  10  -2  27  27   0 -15   6  -9   2  15   6  -5  -5 -24   2 ]
[   2 -37   8  12  -7 -10 -23 -18  -6   6  -2  14  -9   0   3  -6  -3  14  -2   6  -8  25  22 -24   0 -18 -17  -2 -14   8  12 -10   6  -1   6  -8   6  -2  24 -20 -11  11   2 -22   5   2 -11  -3 -17  19   3  -7  17   4  13   5  -1  10  14   0  -4  25  -1  -3  17 -21  10 -16  13   3  33  30  -7  -8  -6   5  10  -2   8  13 -11   9 -13  11  13  -4  15  27 -21   0  -5 -10   0  12  -7 ]
[ -21  -1  24   7 -12 -22  14 -19   8  -4  -2 -11  -5   2 -15  16  25   1   3   1 -12   2   6  -1 -10  -3   9  -8 -15   9 -26  28  -4 -17   8  -8   6  -9  -6  -8 -19   4 -30  11  -3   7   0   3  21  -2  -1  16   6  -9   1  -4   4 -11  23   1  -4 -22   6  48   3 -13   9  19 -11 -13  11   9   7   0 -14   2   3  -8 -31 -13   7  -8 -10  -7   3  13 -13   5  -7  -8   5  21   6  -5  -4 ]
[ -10  -7  -6  10 -16  25  36  13  -3  28  10  23  18   7   1   5   1  -6  17   9 -13 -17 -13   6  -4 -12  17  29  25  15   6  21   5  -1  -1 -10  -6 -18  10   1 -22   6  -3  39  -4 -17  -7  -5  -1  11   5  -3  -1  32  16 -27  17   9  -2  16   6 -30  -2  17  11   0 -11  14 -10   2 -24  27  12 -15  -5  -8   6 -18   4   1   1   2  -4 -26 -14   4  -9 -36  11  23 -22  -6   1 -17 -11 ]
[ -15  -2   6  10   4 -24 -13   2 -22  11 -13   0 -13   9  -4  12  15  -4  25 -20  -3 -22   2  -7   3   0  -7 -10   4  -3  22  -5 -13 -32   8   3  22   2   7 -21  22   9  -8  12  -7 -21  -6 -32   9  18 -16  -3 -11  10   2  15 -24 -10  -8  -7   4 -17   9  10   0  23   8 -14  -3  17  -8  -5  20 -24  24   2  -2   9  12 -11   9 -20   7 -13  16  12 -31   0 -16  17  16  19   2  15   2 ]
[   2   5   9  22   1  12  17   0 -11   6 -26  -5  10 -18   2 -14 -16  -5  22  -4  -9  20 -12  23  44  -1 -11  -7  17   8 -29  -3 -21   2  -2 -17 -15  -9 -13 -16 -25 -15 -11  20   8   9 -18 -27   7   5  33  -2   2   7 -15 -12 -20  -8  -5  -1 -16   0 -14  28  16  -4  -4   7 -24 -14 -54  11  15 -21 -13   0  11 -21  -6   4  18 -20 -12  -7  10  -7  -3   6  27   9 -17   1  -5  12  11 ]
[   8 -11   3   1 -21 -12 -10  -6 -15   8  18  14   7  -5   6 -20  -8   5 -13   0 -25  28  16  18  12  -4   6   3   8  -3  15  -2  10   3   1 -10  15  -4  14   6  -6  27 -14 -17  32   7   9  -3  -1 -10   4  16   6 -29   3   1  -6 -10 -22 -14  -4   5   5  -6  22  -9  -3  -2  -2  12 -18   5 -17 -15  21   4  11  11   2   6 -15   1  10   4  11   5   1  18 -14  19   1  -1 -19  23   2 ]
[ -14  -8   0  -2   7 -23  15  -8   1 -12 -11 -16  -4  10  36 -22  10  21 -22   1 -15  28  -8  20  38   4   6 -17 -19  -6  16 -24 -10  21 -27  -2  18   5  -8  -1  -7  24   3  22   0 -19  -8  14   9 -17  -1  -5 -11 -12   1  17 -10 -19  12   8  12  28 -24  -1  -8 -12 -17  18  16   9 -10  -7  20 -21  12   8  -7   4 -19   3  -1 -16  11  14  -3 -25  -9  -3   1  12   0 -27   5  -1  -9 ]
[   1  -9  14   5   4  -3   9 -16  25   2 -24  11 -21 -11   2  -9  14  -4 -10 -20   7  23   9  17  -9   4 -23  -2  -3  -5   6   2 -12  10  26  11   1  11  -5  12  -2  -8  -4 -12 -11  15  -1  -7 -23   7  -7  -5  35 -12   1  -1  -1 -16 -13   0 -23  16  18   9  17   5  41 -24   7   6   7   5  -4  13  16   1  19  -6 -17  -8 -15   3   8   8   4   2  -7   9  -7   8   8   3  -2  29  23 ]
[  17 -18   5 -15 -22  -6  11  -6   8 -16  -6  19  10   3  -6   1  14  -6 -32 -10  -1  -3  -5   9  16  11  -4   0  -9  -2 -28   3  10  -9  17 -19  -3  -7  17  17   2 -10   5   7   0  15   2   2  -8 -24  -2  19  -9 -13 -12 -16  -3 -19  -6  18  19   9   2 -16  13 -12 -28   1  -1  18 -19 -21   7  -1 -22 -14  -6 -12  -1  13  -9  -9 -16  19   8 -10 -14  12  11   1   0   5 -24  -1  14 ]
[  -4  24  -3 -28  -6   6 -10  20  -2 -26  12  -9  27  -2   9  12  28 -33  -6  -7   4   1  -5 -13 -27  33   2   6  -6 -20   4  19   8 -12 -13   9   8  -3  -7 -16 -10  14   6  10   6   0  -1  19  13  -8 -18 -12 -36 -11 -12  22  -6 -22  11   5  -1  -9 -17  -2 -14  21 -16   1  15  17   2   0   3   3   8  -4  -8  24   1  17 -10  -1  -6 -10 -25  -5 -10   1 -23   6  10   6   4   3  -6 ]
[  -7 -14  -9  -3  17 -18  17  -2 -34  11  -7 -21 -19  19  -7 -25  -1  -2   4 -19  -9   2 -14   8  12 -17  14 -15 -34   6  -9 -19 -17   1  -7 -17  26   3  16  13  -7  18   7  12   0 -21 -21  19  19 -18   9 -19 -24   3  -7 -25  -2  -5  17  -1   9 -12 -10  16 -25  -6 -12  20  18  -3 -11   7  22 -16  -4   1  -4  11   2 -13  10 -11  16 -15   7   2  -9 -23 -13   5   2 -29   4 -17   7 ]
[  24 -35  -3  15  10  16 -15   2  13  -4  16  18 -23 -13   0  -4 -21   1   2   6   6  19 -10  11   7  -5   4 -25  18   7  -4  -9 -11  -5  22 -18  11  -5   1  11   2   1   1 -17  -8  24  -1 -12 -16  -8   9  26  -3  -1   4  -5  -7  -6   0  27  -4  13  10 -29   4 -25  -7   3 -16 -19 -14  -9  11  23  -2  17  12  -8  17  17   9  14 -14   4  -3 -16   1  12   7   1  11   4 -11  15  -1 ]
[ -11  12 -18  11  -3 -10 -33 -25  12  22 -11  -1  16  10   3 -17 -15   4 -22  -3 -20 -22 -18  -7   4 -14  -7   3  14  15   1   6   4   6   7   2  -2 -13  -4   0  15  -6 -14  -2  15  16  -8  10 -17  17 -17   2  -2  17   5  11   4  -6 -23 -24   9  14  -6  -4 -13  -2  -8 -10  -3  23  10 -14   5   0  -1  11  -8 -11 -16 -13  14 -24  -9  -4  21   9   9   4   2  -4  19  10 -12  32   3 ]
[   6 -25   4 -17  10  -2 -18  -9  10  11 -21 -19  -2   0 -25  13 -12  18   8  -3  13  18 -14   7   4   6   5   6  -2  -8  12  -3  -8  10  18 -13   0   7 -19  -2  21 -22  -7   6 -23  17  16 -13  12  -5   7   2  35   9   6  -5 -39   6  24  20  -1  -7  20  12  14   5  23  -4   6  20 -21 -12   7  17   6  11  -4   0  -6 -26  -5 -36  -3  15  24   4   0  10   1 -13   5   1  23   2  13 ]
[   1  -9  -3  13  16 -16   5   8  22 -14  -7 -16   0  -9   7 -17  20 -14   0   9  -2  19   2  17   3 -31  -3 -14 -15   1 -10 -19  -1  17 -14  19  -1  -1  19  11   1   5  15  -3  47 -10   8  12 -32  -3  13 -12   1 -19 -11  23  -6   1  10  -4 -15   6   9  11  14   5   8  14 -20   9  25  27  17 -10  -7   6 -24   6 -11  17  -8   7  -3   1  13  -3  -7   2 -26 -18   3   3 -10  13 -13 ]
[  -7  -1   3 -18  20 -13 -10 -12  -2   4 -24 -11  28   9 -18  -5  19  20  10 -16 -18  -2 -19   1   1 -13  27   3   7 -19 -16 -21 -17   5 -24  16   4  -6 -14  14   2  24   3  14 -18  -1  17   0 -10 -11 -14 -10  -1   4 -15  34   3  -2 -10  24  11 -10   6 -18   7  34 -19   9  -6 -23  -3 -16  13   1  10 -12 -17  -7  -7  25   6   2  12   0  -2  -3 -11   6  -1 -13 -11  17   4  10   6 ]
[   7  -5   9   9   1  -7  17  -2 -13 -27  19 -30  -8   5  10 -19 -10  -7 -29   1 -13 -10   0   7   3   6  24  -5  -5 -19  20  -2  -7  17 -32  15  -3  -2  -1  -2  23  10  -1  -9   1  17 -16  28  19 -23  -2  14 -22  -7   0  11 -18 -10   8 -10   1   4  21  10  -2  16  -8   7  22  17   0 -17 -26 -12  -5  -4  20   9 -14   0  -9  19   7  -9  -8  13  18 -10  15 -17   7 -17  -6   7 -26 ]
[ -16  -2 -21 -13   7   1 -13 -20   5   7 -13 -14  27  -5   6   1 -15  10  -2 -10   3  22   9  -7   5   7  13   1   0   3  -3  -6  -2   5  15  11 -10  18 -23  10 -25  -1  10   7   6 -18   2  22   7   8   1   5   2  16  -4   4  14  11   0  -1   6   7  -2   2   0  -8  -5   1  10 -30  -8  11  16  37 -11  -4 -19   5  10  28  13 -19  17  28 -10 -18 -11 -13  -9  -5  -3   2  -7 -28   3 ]
[   7 -17  14  17 -12   9  43  -9   3  -8   0   0  10   3  -4  -3  19  21   2   3 -21   6  29   6  14  -6   7  22 -25   3   0 -17  16  -4 -30   8   7   3  39   5  -9   1 -12 -14  19   3   0   3  -7  13   3  25 -13 -24 -13  19 -45  14 -11 -11  -9  -6  23  -7   9   0 -18  -9  31  40  -1   7   7 -19   6   8  15  -7  -4   2  21  -3  -5  15   4   3  -1   8  -5   6  16  -8 -43  17  19 ]
[   0   4 -32  25  -5   0  24  -5  12   3  16  16  23 -27  -5  16  16  11  35  -6 -19 -18  -2  19  13 -13   0   2  16   2   9  -6  -5  -1   2  -5   5 -41  29   9 -16   8  -4  -3   0   9  20 -29   2   1   2  10  15  10  -9  -8  15  -5 -11 -11   9 -19  11  -3  -1 -15  -3 -32  -8  -8  10  11   2 -16 -12  -1   0 -21 -15 -16  28 -10 -22   4  14  -4  14 -12  -3  -8  18  -1 -21  15   5 ]
[ -28  10 -15  18   4 -10  40 -12  -9  10  -2   3  12  -1   0 -37  19  12  18   8   1 -17   7 -10  -3 -16  -4  -8 -21   8 -33 -12  11  19 -18   8   6  -9  23  23   0  -5  17  -9  -2  -6 -15 -11  10 -17  11   5  13  18  -8  -9  32  -3  20 -15  -8   1  -8  -6  -1 -14  -3 -18  -5 -18  18   8  10 -21  -4   2   2 -25   2   6 -12   9  -5   4  -2   2  14  -5   6 -10   6 -12  10   7   1 ]
[   9   5  -3   6  18  14   9 -31  15 -11  -4   1 -16  17  16  -9 -25  16   0   8   0  12 -19  13  21 -17  23  -7  -9  12   0  -8 -23 -23  -8 -24 -25 -24  -7   6  -9 -26 -18   9   8 -11  -2   0  31   3   8   5   1  -1  16  -6   4  17  -8 -29  14 -15  -6  23  -9  -1   1  19   1   0  10 -17   5 -36  -2 -14 -10  20 -14 -43  11  -6  11   7  20   2  -5   5   7  -2  -8   6  12   0 -11 ]
[ -29   4   7 -11  16  -6  13   8  19  24  12  12  28 -10  35 -17  -3  11 -22   6  18   3  -4  35  29   4   2 -26  -6   0  -2  -9  -5  13  14   8 -14   2  -5  16   7   8  -1 -25  24  22 -20   8  15  -9  -8  23   9  -4  -2   3   8   9 -10   7  21 -10 -18  -5 -18 -20 -10 -13 -34  15  -2  -8  -8   0 -26  -8  24  -6 -23   2 -24  18   0  16  10 -14  19  26  -5   4   9  -2   3   4   0 ]
[  10  -8  -1 -17  -2  16  12   7  -4  13  14 -10  11  -9  13  12  15   4   8 -13 -12 -17   6   1 -21   1  18   4 -18   6  -3   4  -3 -16 -13  -4  -4  21 -19  -7  -7  17  -7 -13   2   0  -9  17  14 -18  -8  -9 -29 -25  16   9  -1   0 -26  -9   8 -17 -12 -18 -12  13 -16   6   9  28 -15 -10 -19   7   5   4  20  12 -26  17  -8  -6  24 -13   8   8 -32  14 -24 -11  21 -10  -6  -5  13 ]
[  10  11 -20 -27  -1  10   1 -15  12  18   0   5  -5  17  -2  -7 -12  -1  -1  -2  29 -12  13   5 -20 -12  14   7   3  10   8  26  32 -11  15   4 -21  15 -18  19 -13 -24   0  12 -16  -9   6 -23   5  11 -14  23  27  17  12 -14 -10  27  -4  -9   0 -19   1 -21  -5 -20  14  15   5  10  11 -11 -23   0   0 -12  21  11   1  12   8  -2  23   4  -5  19  -9   1  -9  -9  -5   2  36   1 -34 ]
[  -5 -10   2  19   1  -2  -4 -13  11 -15   6 -23 -18  -2 -23  28   2  12 -13 -11  11  -7  11 -12 -44   3  15   6   6  -4 -23 -13   9  -2  -9 -10  12  13 -19 -15  -5   4  13  29 -16   2   5   6 -27 -26   4  22 -21   1   0  -3   6  -4   9  31 -11 -26   7 -25   1   3   9  18 -10  21 -11  21  -6  -3  -7 -30 -16 -16   8  35 -12   0   4  -2  11 -17 -20   7 -15  -5  26  -3 -20 -14  -4 ]
[  -5  29  12  33 -21 -13  -4   0  19 -31  -5  20  -7  14 -12  15   8  -7 -11  20 -13   6  11  15 -11  14  -8   0   7 -22   6  -7  -8 -21 -21 -14   7 -11 -18 -46  -2   3 -19   9 -10  -1  23 -18   2   2  -6   3  -3 -23  -1  26   5  10  -4   9 -14 -10   6   5  -9  13  20 -34  -8 -16   6  30  36 -26  17   2 -18  -6 -18  -6  13 -19 -11  -3 -16   4 -28   5 -20   1  26   0 -13  16  12 ]
[   6  -5  32  12  -7   9  13   2  -6  -6   9  32  15 -15  18 -16   7   0  -4  -3 -24  -6   1  33   7  15 -10 -16  -1 -20   5   3  -9  10 -22   7  -9   2   1  -3   6  17  10   5  14   6   3 -14 -23  -4   5  10   1 -11 -15   5  -8 -17 -12  11  -4  -5 -17 -13  15  36  -9 -15 -10  -6 -34 -19   7  -2  11  10  23   8 -14  25   0  -3  -6   0 -14 -26 -33  -6  -1  12  -2  -7 -17   1   5 ]
[  14   1  -4 -10   6 -16  -9 -23 -14  -7  -3   3  13   1 -13  -7  23   3  -7 -13   1 -16  -6  21  25  18   9  -6   5  -5   6   2   4   4  11 -17  27  -6  20   0   3   9   9  13   4 -10  -1   5  16  -2  -2  30  18 -14  21 -10   4  -8  -6  -8  22  -2  20   9  24 -19 -17  -4  16   9 -14  -2 -21 -20   2 -17  -9   3   1 -21  -8  20   2  17  10  -8   8  17   0  23  -3 -14 -16   1  -3 ]
[  -9   9  -3 -26   8   9  37   4  15  12   5   9   3  -1  -2  22  13  10  21   3   3 -10   4  -8  -3  14   6   3 -12   0 -12   9  12  14  10  -9  10 -19   2   4  -1   2  24 -13  11 -11  -1 -24  11  32  18  -8 -15  -2   4  -2 -11  13   1  -6   0 -25  -8   2   7  -6  -5  10   3   1  10 -10  11   3  16  -9 -22  -6  16  11  -1  -4 -11  24 -15  -8   0 -11  12 -14 -19   1 -13  -5  15 ]
[  -2 -10 -19   0  -6  -5 -18  -6  -9  -8  -3   2  -9  10   8   0 -11 -15  -5   5  31   8  27  -5  -5  12   2   3  26  -9  44  25  -7  -3  -1 -11   6   2 -19 -31   0 -19  -6   7   3 -14  -4  -1  22  13 -11  12  -3  14  20 -12 -14   2  12  -6   0   2   5  10 -14   1  23   5  10  12   4  13 -11   5  -1  -5  18  14  24   6  -4   5  21 -11   1   2   3   7 -20   0  12   8  17  -1 -31 ]
[ -12  17 -22  -9  11 -24   8 -25   0   4 -10 -10  17  10   1 -10  -4 -12  -7 -14   7   3   5  -1  19 -10  16   4  30   1  10  -6  27   8  -1   5  22   9 -10  26   3  11   3  12  25  -5   8 -14  -2  -2  -5  22  -1  11  15  17 -14  19 -19  10  -9   8  -6 -28  -3  -5  -5  -4   6  19 -13  -4  11   4   9  -3 -14   1  26  18  16 -32   9  17   2   0 -19   3  11 -13  14  -5  -2 -12 -13 ]
[   6  -6 -24  -4  25   0   2  17  -1   0 -17 -13  19 -28   9 -19  -1  -9   3 -16  -5 -12 -32  -4  20 -18 -17  20 -13  -2  -7  -9 -19  13  12  34  -4  12  -8   1  -1  11   8  16  15  -2   1  -3   3  12  -4  -7 -13 -11 -25  38 -30  -3 -10   2  26  -2   5 -13 -14   5 -21  -6 -13   7  12  -9  -8 -16 -40 -15  19  -6 -10  25  19   0 -18   6  23  -5  10   0 -19  -7  -2  -7   8  10   1 ]
[  -3 -21  11   4   4 -24  23  -3  11  12  -1 -15  19   3  -8   2   6   8  -2 -12  -5   0   5  -5  10   9 -12   8   7   4 -23   4  12  42 -20 -12  -8  -8 -15   5   8  -6  24 -11   5  15  11  -9 -11   4  -2   8  11  -9 -15   4 -18 -27  -8 -23   4  31   6  -8   2  -7 -11 -23   5   3 -12  -5   8   5  15  10   9 -18  11  -1   2   3  -7   3  13  13  20  -3  18 -12   1  14 -12  38 -15 ]
[ -20  12  -2   6   4   7   0   1  15  -2  -8  10 -13  16  17   2  18  -6   0  27   5  10   4  15  24   9   6 -10   8  12  20  29 -10  -8 -11   4  -8  -3  -9  12  -4 -17 -10  -8  16   7   0  16  27  28  13 -22  16  -8  14  14  11  -1 -20  -8   7  -4 -13  11 -15 -14  14  28   3   3   6   9  -6  -8  17  -6  10  17 -12 -24  -1  -7   4   5  -9  -3  -1  -2  -4  24   7 -10  -1  -2  -8 ]
[  -8 -37  19   8 -18   1 -24  -6 -14  26  -4  -8 -14 -14  15  -7 -10   0   2  11   5  29  -9   5   4   7 -24  12  20   4   7 -25   2  22  16  -8 -23  -7   3 -27 -15  -9 -16 -29   6  14  31   3 -18 -10  16  28  23  15  16 -17  -7   0  -1 -14  -1  25  21  -4 -18 -10  -7 -20   4   2  10  12  -9  -2  10   0  -2  16  22 -13 -16  29  11 -12  23  -3  10  -3   0  11 -36  16 -23   9   7 ]
[   0   7 -15  13  -4 -22   4 -31   6 -38   6   5   0  -9  -8  -4  25  11  -8  -3  -2  10  24 -27 -19 -18  -4  -9  12   2   6  -6   2 -10 -10   6   7   2  18   0  13  -2 -12 -20  -6  -8   9   6 -21  -9 -24   6  10   0  16   0  29  -4   5  -8 -10   4  12 -13  24  -6  31 -15  29   6  36   7 -15  -2  -9 -10 -10  -9  17  18 -11   0  -3   9 -10  -6  19  13   9 -16   7   2   1   8  -9 ]
[  25  14 -16  -7  31 -18 -23 -14  27   9 -14 -35 -13  -8  -8 -23  18  -2   0  -8   2 -18 -21  19   7 -16  -5   7  17  -4  11 -12  -8   5  -7  34  13  12   0  11  13 -29 -15  18 -28 -14   6   3  10 -27 -27  -3   9  21  17   6 -28 -14 -28 -18   5  20  15  16 -33   0 -13 -13  -4  -2  16  -6  14   1  11  24  16   6  -9   3   2 -19  17 -29  11  12   8 -15   8 -21  10   5  -1  -9  27 ]
[   9  17  12  -9  -1  10  -1   7  -1  -2 -25  -1  -9   1   7   5   1   3 -14  10   6  16  -8  19  39  13  18  -8  23 -16  11   9  -1  -5   5 -18  12  24  -3  -5   2  -4   5   3   1   5 -11  -9  -7   2 -17  -8   8   0  18  -7  -2  -7 -27  30  12  -4 -27  -2   9  -5   0  27  -3   0 -41  10   2 -13  23   1   7   5   9   0 -21  -8  -3  10 -22  12 -10  19  -8  21 -10  20  -4  -9  10 ]
[  -1   0  24  10   9   1 -13  -4  14   6 -10  10 -17  15  -8   9 -15  -3  -2  -4 -24  11   6   3 -16  13 -15 -11  -8  -2 -11   1 -31   3  13 -13   0   2 -10   1  -1 -16  -7  -9 -21  -4  10 -23   7   9  -6  -6  10 -12   6   7 -14  -7  -4  -9  -1  -1  -3 -29  15  -4  14   2   6 -12  -4  -6  -3  17  18  10   8  15 -10  -6   5 -14  -6   4  -6   8  10  20  14 -14  -4   9  30  -1  20 ]
[  -8 -16  16  18  -6  20  25  14  10  -5  -7   8  -5 -15   3 -15   7   2  -2  -3  13   7   0  16  22   8   9 -10   6   8   5  16  -5   6  16 -16   7 -27 -10   9  10 -16   4 -16  19  10  14  -2   9  13  -5  14  -9 -35 -17  11 -36  -3 -27   5   1  -2   4  -5 -19  22  17  19 -14   5 -31  -1  -1 -11  27  -4  33   1   9 -13   9  -2 -18   3   0  -1  -8  23 -12  -2   3 -16 -10  20   6 ]
[ -10  10 -18  -7  12 -18 -13   0  10  -2  -6  15   3 -13  13  11  12 -20 -20   4   3  -4  -4  10  13  26 -12 -24 -19 -14  -7   4  -4  17   8   1  17  -5  -2  -9   4  18   3  -1  25  10 -18   5 -10  -9  -3   0  -6 -16   7 -11  -9 -23  23 -13   1 -26  -9  -3  -6 -31   0  -3  -1  19   4  15   0  -4 -15 -14  -3 -17  -8  10 -14 -16 -16  12 -10 -22   4   8  -7  15  -9  -6  -8  12  -1 ]
[  11   3   3  14  12  21  -6  -4   0 -27 -19  -6  -8  -7 -28  -3  28 -10   7   5 -26   6 -14  -9  -9   3   6  14  24   5   8   2  -9  -3   1   7  11 -33   3  12   2 -10  -5  30 -12 -18  11  -8   1 -14  26   1  -1 -24  17   6 -20  -4  -6  13 -30  -1  17 -18   9  34  -5  15  10  16 -22  -1   7 -16  17  21 -22  10   7  -3  10 -16 -16   0  -1  -6  10  17  18   8  -6 -18  11 -10  13 ]
[  -6  17  -1 -18  15 -20 -17  21  11  -9 -27   1  11   3  19   0  22 -14  -9 -26  14  -3  11   9  -2   8 -23   0   0 -12  -6  17  -7   4  10  21  13  -7  -5 -15  17  -4   0  19   0  -8  -9  -2  -8  -4   6 -10   2  11 -15  16  -7   7  -5 -12  15 -12  13  -7  -6  11  -6  11 -18  16  -6  -2   3   1   9 -13 -17  -7  25  22  -1  11 -23 -20 -25   1   6  -8  -6   2  25  -8   2   3 -32 ]
[  19 -16   0   5  13  -8 -39  -4  -9  19  32   0   6  -9 -20  -8 -41   5 -25   9   2  15 -20   6 -35 -20  12  -2 -20 -20   7  -4  -4  11  -7   3  -8 -33  -4 -22  10  19 -19  -2   5  17 -13  -2 -12  -9  -4   6 -22   3  21  -9 -32   5  12   4  -2  -2  -5   2 -18   4  11  -8  -5  -1   8   0 -14  10 -22  -5  12  -6  -5   2  -3  -4  -8 -11  30  -7  45   4  -7  -9  10   5  -8  -7   0 ]
[  -5  12   8  -2  -9 -11 -30   6   2 -26  10   4  12  -5   2  36 -17  -5  -8  18 -25  22  19 -18 -11   5 -12   9   4   5 -11  -7   4   2 -13 -14  -9  12  -7 -27   1  21 -13 -28  -1  28  18   0   0 -17 -13   1 -10 -24   4  -6  23   8   0  -1   0   7   3  -1  -8 -20   8 -26  12 -15   5  -2 -28  16 -27   4 -12   8 -17  -5  -6   7  -3 -10  23   1   7  16  15 -10  -9  23 -10  -7   0 ]
[  12   2 -17  11  -9   0  -2  -2  10 -14 -15   6  11  13  10  36   9   3  20  -4 -11   1  27 -10   9   9   4  28  -9  18   5   6  -8  13 -31  24  18   1 -17  -3 -12  30  -4  -9   5   0 -21  20   1   3  14 -15  16   2  16   6  10   7  31   4   4  -6   7 -14  11  -2  14  -7   7  14  20  27 -22  12   9 -20 -10   4   8  15 -21   0 -14  -1  -6  -4 -21  11   4  -2   8  -5 -11 -16  -6 ]
[  17 -13   6  -7  -3   6  -2   8  23   0   3  12   8   1   3   9  14  -6   8 -18  27 -17  19 -16  -6  20 -14  14 -16 -24 -20   7 -13   7   3   3  -3   8  -4   1  10  -6  24  -1   9  -2   6   8 -30  15  12   7   5   0  -8 -18  -2  13  -1   2  33  -4  16 -17   3  -6 -14  -1   2   4  17  -6   6  15 -20  -5 -13 -14  26  37  -1   6 -17   2 -14  -1   9   1  16 -21  -6  -4  -7 -11  -7 ]
[   5 -12  19   6 -11  11  -1  13   2  24  18   3   6  21  12  -7  -5   4   4  12   7   5  -3   3  -3  -2  24  -5  -1   9  16  25  17 -12 -17   2 -14  -4   9   1 -23   2 -19   5  -3  13 -12 -14  10  13  13  19 -15   7  15 -23 -14  -2   0   7   5   5 -19  30  16 -10 -10   7 -11   1   6   1   6  20  -7  14  25   5 -14  -2   2  23   2  -2 -10  17  -8 -12 -13   1  14   7  -8  -5 -11 ]
[  17 -10  -2   2   1   7  -6  18  -8   1  -7  -7  17  11 -12  -4 -10 -17  21  -4   4  -2 -10 -22   0 -12   3   7  -4  -9  -5   4   4  -1   1   2  -3  -9 -13  14  10  -5   9  -5 -16 -19  -4   2 -14   6  13  -4  -3  31   2 -10 -17   7  -4  27  15  15   4 -19   5   8  -8  17  17 -15  -2  12   8  14   9  -7 -11  -2  26   0  11  15   0  12 -37  25  19  -8  13  -5 -16   9  -6  -8  -9 ]