[   9   4  -8   1 -15  11  -7  -3  12   7  -1   5  -5   0 -17  -4   7  -1   3  -9  18   2   4   4  -5 -11  -3   1 -15  -2   2   0 -11  -9  -3   8   7   7  -9   5   3 -10   9  -2   1  -3  -3   2  16 ]
[  14  17   3  -2  17  -1 -12   2  -9  -3   4  -6   0  -2  -9   4   5   4 -13   7   8  -9  -4  -2 -16 -11   9  -1   8   3  -2  -2  12   0  -9   2  -5  -4   0 -15   0   3   1   3   8  17  -9   7   1 ]
[   9   6   0  10   0  -1 -13   6  -8   3   7   2  16  14  -5  -8   4  -3  -9  -2  -8  -6   7   1 -17 -20   5  15  18 -10   5  -5  10  -6   1   6  -4  -4  -6  -1  19  -8   0  -3   6  10   3   0  14 ]
[ -11 -14   5   1  -1   3  14  -7 -11  -1  11   6   2   1  18  11 -19   1  10  -9 -10  11   3   5  10  10  -6   3  12   2  -2   5  -2 -10   5  -2 -25  14  -5   7   5  15 -11  13  -7  -6 -13 -10  -9 ]
[   4   3   4   1  -7  19   8   4  -1 -14  -7   1 -11   2   8   8 -11  13   0   7   8   1   3  -6   3  -9  -1  -2 -12  16   6  10  -2  -1   3  11 -11  11  -2 -14 -18   9 -17   2   6 -11 -13  -3  -7 ]
[   9   2 -19  -3  -6   4   2   4  -4  -8  -1   3 -13 -13  -1   2  -8   9   2   6   4 -14  -6 -11  -7   1   6  -8 -17   4   8   5  -6 -19  -1   4   9  12  -9  -4 -15 -10  -5  -2   1 -22   7   5  13 ]
[   6   0  -6  10 -26   8   2  -7 -19   3   4   7   6   6 -12   6  -5 -10  -2   8   2   7  13   1  12 -11  -5  -3  -8  -2   4   3 -13   1  -4   9  -9  17   3   3  -3   5 -18   7   2   5  -3 -19  -6 ]
[  -8   4   4  -6  11  -6  -2  -1  -1  -7   1 -24  -8  -5  16   8 -13  18   0   7 -14  -8 -11   2   3  -4  -8  10  12  12   9   2   2 -16  -8  -6 -18   4   1   5  -6   8  12   5 -10 -11 -19   3   2 ]
[ -11  -9   7  -4   1 -18  -8   3  13  -7  -9  -7  -9  -5  10   3  -5  -5   9   2 -23  -9   3 -10   0  -4 -15   9  -7  11  -2   4   5  21   6  -2   3 -11   0   6 -13   7   4 -23  -9   8   8   1  -6 ]
[  -6   5 -11 -11 -10  -5 -16  -4   7  -2   3   0   6   5 -12  10 -13 -14  -6  -5   2   8  -5   5  -6 -17  -5   3   0  15  -9  -1 -17  -7 -14   9 -14   2  -3  11  11  17  12   1   1  24  -5   5   3 ]
[  -2   5   5 -20  19  14  10  -4  -2  -2  -1   1   4 -20   7  -3   3  -9   1   4  -3  13  -5  15   4  12   4 -14  -3  -4  -5   2   3  16   4  -4  10 -11  23  -8   9  -1   9   1  20  11   6   8  -7 ]
[  -3  -1   4   4  -6 -15   3   7   7  12   3  14  -6  17  15  -2  14   2 -13  -2 -12   0 -17  -1 -11  13   9   1   6  -1   2  -4   4  -2  -1  -8   0 -18  -9   7   1 -17  -3   0  -2  -7  -1  -5   5 ]
[   2  14  -5  -3  -8  -3   3  -1  -8   4   2 -12   0  -6  -3   1  22  -5  -7   8 -17  -9  -2   8   9  -3  11 -12   2  -3  27  -8   2  -3 -17  15   6  -4  -2   2   8 -21  18 -11   8  -5   0  -2   6 ]
[   9   4   2   9   4   9  -7   5   2   5  -2  13  -7  16  12   6   1 -25 -16   1  -5   1   4   1  -4 -14   9 -11  -8  -3 -10   4  16   8  -1  24  -1 -10  -2  -5   1  -3   3 -28  18  19   2  -6   9 ]
[   0 -10  -2   7  -6   4  -1   3  13   5 -13  -6  -3   7 -11 -17 -16   9 -12   3  12   3  -7  -2  15   6  -7  13  -6  15 -17  -3  -2  -5  -8   6  17   4  10   3  -9  -9  16 -16  -7  -8   2   9  11 ]
[  -4 -11   9   6  -2   1  -1 -14   0   0  -7 -25 -14   6   3  10   6  -7   4   5  18   0   6   3  32   3 -12   7 -17 -23   3   8 -20  12   4  -2  -6  24   1   7  -9  17  -3  12  -6  -9 -10 -12  -2 ]
[  -9  12 -16  12 -21  13   6  20 -12   9  -7   0   1   6   0  -2  21   1   0  -3   1 -21   2   1   2 -18  11   4  -9  -8  20  -5  -1  -6  -5  -8  -1   2  -4  -2  -8 -22  -9   5   2 -18   0 -15  12 ]
[   8   5   9  -8  -7  12   3   4   5 -16  14  -9   0  10  19   6   7  -7  -6  17  -4  -1   7   5  -4   1  -2  -3  11  -3  10   1 -21   1  -8   3  -5  -3  -1   6  18   9   7  18   5   4  -1   1   2 ]
[   6   4 -18   1   0  -8 -10   1  12   2  -8 -13 -13   8 -15   6   0  -1  -5  17   6   5  -6   7  15  -5   0   4 -13  -5  -1  18  -8   0   0   3  10  -8  -4   0 -15   8  16 -19   4   5 -12   5   5 ]
[  -1 -13 -12  10   0  19   8  -4  -8   6   0  -2 -11  16 -21   5   2   3  -1  -3  17   0   6   1  24   6  -1  -4   0  11 -19  10   1  13  -7   9  -4  -1  -6   7  -9  10  -9   1  -7  18  -7  -5  -7 ]
[   4   1 -10  -3  -5  -1   2  -5   2   0   2  21  -7   4 -11  18   2   8   3  11  11  -2  -3   2 -15   7  19 -31   3   6   3  23  -7 -18  -4  18   3 -14 -15  -4 -18   3 -18  13  -3   7  -7  -2  -6 ]
[  -4  -6   4   8   5  -8   9  -7  11  -1  -6  -6  -6  29   1  -3  24  16   9   7  -9   9 -13   9   7  18   0   4  11  -9  24  -1   8  19  -1  12  -6 -12  -6  -9  -3  -5 -10   9   2  -4  -4 -12  -8 ]
[   5  -2   8   1  12  17   2   4  -5  -1  11   9   4  -3   9   6   6  -8  28 -25  -9  -6  15  22 -16  -2   2  -2  10 -13   4  11  11  -1  -5   2 -22 -20  -9 -18   4  -1  11  -9  -4  10  -9 -10   8 ]
[  -5 -13 -10  -4  -2   6  -1  -8  -2  11  15  -1  -2 -14   2   7  11 -11   1   0  -5  -8  -6  12   3  -6  -9  -8  -5 -11   6 -13   1   0   9   0   6   4   2  12   6 -17   0  21   9   5   7 -24  23 ]
[   1  -7  -7   2   9   9  12   1  -5  -2  -1   0  -4   5   7  -3   0  14  -5  -5  10   4   5  -3   2  10  -4   1  14  -4   6   7   3   9  24 -24 -10 -10 -12   2 -10  -3  -7   1 -13 -23   6   3 -17 ]
[  -9   6  14   7  -4  -5  19  -2   6  -7   7  -5  15  24   4 -13   5  13   9 -19   5  28  -5  -2   7  -5  -2  10  17   3   8  -6   5   0   9   3 -14  -5   6   4   2   5  -7  -3 -21 -23  -1   5 -17 ]
[  12  -6   8 -10  -6   3  16 -10  -9  -8  11   3  10  -3   2  17 -19 -19   0  12  18   7  12  -2  29   4  -3  11  -5  -1 -18  10  -2  13  12   2   6  14   2  -3   6   6   8  -9   3  10  -8   5  -8 ]
[   6   4   6  15 -13  -2   2 -10  -2  -3   5   4   0  -2   1 -23  -1   8  -2   7   2   3  14 -21  -8   7   6   9  14   1   7  -2 -10  -5   4   6  17  21   4 -12 -13  -2 -20   8 -12 -27   1  -6  -3 ]
[ -15 -12  -1   4  13  17   6  -9   0 -11 -13   4   0 -10  15   9  -9  11  12  -8  -1  14 -18   5   3   9   1 -32  -2  -6  -2  -9   5  -2   3   1 -18   2  -2  -9  -2   7 -17   7  15 -11  15  11  -8 ]
[  -1  13   6   2  -2  -3  13  14 -18   4   2  10  -5  -6   5  11  -1  -5  31   9   5 -10  -2 -13   0  -5  -2  -3 -12  -2   4   0  10   5  -6 -11   5  12  -3 -11 -26   3 -28  10  14   2  -4   0 -24 ]
[   2   3 -11  -4   7  -2  -5   9  13  -3   9 -16   7  -9  -3  -8   0  10   0 -10   8 -10 -10   9 -11 -24 -11   1  18 -12   9 -11 -12  -2   5 -25  11 -14  14   9   6 -23  15  -2   1  -4  16  11  14 ]
[ -11  -1   7   5  -3 -32 -14   8 -35  -5   1 -17  19   2 -11   6   2  -5  10   5  -8 -31  12  -5  -4   0   4   6  11   6   2 -15  17   6 -11   4   4  -5  -4 -11 -10 -10  15  -2 -20  18  20   1  -6 ]
[  -6  -3 -21  -2   1  17  12  11  -1  11  -4   2   3   0  19  -6  -2  -2   2 -17  -6   3 -20  21  -3 -12  -4  -7  -3  -3   6  13  -2 -24   3  -3  -1 -16  -1  29  20 -10  10 -10   3 -14  -1  -5   2 ]
[  -4  11  13  -3   0   4  -4  -2   1 -10   9   6 -18  -8  -1 -10   1   9  12   1  11 -13   6 -18   8  -3  -2  15 -12   4 -12  13  12   1  10  -5  18   7 -20  -6 -25   5 -18   0   0  -5  -8  23   9 ]
[   2   6 -12  17   0   9 -12  -8  10   6   6   3   2   3  15 -12   3 -17  10  -1  16 -11   0  -6  -5 -12 -20  10   5 -14  -4 -10   3 -22   3  -5  11   4   6  13   5 -13   5  -4  -1  -2  22   2   8 ]
[  13   7  19  -2  10   5   7   7   1   3  10  -1 -23  -8  13  -7  -6  -5 -20  33 -14  -3  -3   0  15   3   3  -4   2  11  17  15  -1  -4  -5  -4   9   1  12  -5 -29  -3  12 -25   6   0 -13  10 -10 ]
[ -10  -9  -5   1   5  27  -2 -12  -9  14   8   8   4   8 -11  -7  -5  -3   6 -15  -6  -6  14  24   1 -11 -11   0  14 -26   0  -4 -14 -11  -7 -21   1  -1   2   7  10   7   4  29   0  -3   1 -17  16 ]
[  15  -1  10  -8  -3  18   1   9   8  -1  -4  -2  -8  15   9  -3  -9  -3  -3 -20  25   4  14 -17   9   2  -9  13 -11  11  -6  -5  -7   3   6  -5   5  -6  -4   1   2  -9  -1   3  10  -2 -17  -4  12 ]
[  -8   2  -2   2   1   2  -4   7  -6 -14 -20 -14  14  -4 -13  -5  -1 -10  -3  11 -20 -24  -3  15  11  -3   4  -4   2   2  21   5  -6  24  -7  12   0   0   9  -7  13  13  -6   6   6  12  14   7 -17 ]
[  13   8   5  -3  -8  16   8 -18  -9   1  -1  10 -14 -15 -11  15  -3   9  -7  -8   9   4  12   6   2   7   1  -4 -11  21   9   2  -4   2 -15  -1 -14  -1  -1  -3   9  -6   0   7   7   9  -2  18   2 ]
[  22  13   1  15  18  -1  -3   9   3  -1  -3 -16  -4  25   5  -6  -7  23   8  11  18  -1   0  -4  18  -1 -21  12   6 -10  18   4   6  -3   6  -6   1 -17   9  -5   2  12   2   8  -9 -16  -3  -1 -15 ]
[  -4  -2 -10   3   7  -7   9  -3  23  -7  -3  16   2   1   5   4 -16  -4  12 -14  11  20  -2  -6  18   1  -7  -6   9  -7 -14   6   9   2  12 -26  -3 -16   1  11  13  23   7   5  -9  12  -8 -15  -6 ]
[  12 -11  17   8 -10  -8   4  -6 -13  10 -13  16  11  -2 -16   6  14   8  -6   7  -8   4  14 -10   3   5  -1  13  -2 -14  -7   4   7  -2  -6   1   7  10   9   4  -2 -12  -9   9   5   6   6   5  -2 ]
[  -4 -15 -13 -10 -21  -1  -3 -15  30   1 -22  -1   6   1   5   6 -11   5   3  -4  -5   0 -10  13  -3  -6  -5 -23  -6  18  -1  -1  -7  -1  -2  17  -8  -7   4   9  -8 -16  14 -15  -7 -22  -4   5  19 ]
[ -17  -3 -10  14   3   5  -2  11   1  10  -5  -2  10   4 -12  -4   8  16  11  -2  -2  17   2  -8  13  -2  -2   4  -3  -6 -10  -4 -11   4  -1  -2  -3 -12   9  23 -17   7 -14  -7 -13  -3  -6   4 -13 ]
[   3   1   2  -2  -6 -24 -10  10  -8 -13  -1   4  -3  10   6  -1 -10   5 -13  25 -14 -20 -19 -28  -3  -1   1  19 -11  -8   1 -13   9  -2   5 -14   0  -4  -3  -3  -2  10  -3  -4  -1   5   2  24  -9 ]
[   7   2   9   5  23 -11   9   2 -21   2   3   0 -10  13 -13  12   1   6   2  17  -4  10   4 -10   3  -5  -5   1 -21  14  -7  10  16  10   7   3  -7  -4 -10 -11  -6  10 -11 -14   2  16  -5  -3 -14 ]
[ -14  -7  16 -11  11  -6  -1  25   1 -15   8 -14   8 -15  -8   8   1   1  14  -8   1 -17   3  -2  -9  16   0  26   4  -6  18   0   2   4 -17   2  -3  -3   7  -8  -1   1   6   3  -6 -11  15   0  16 ]
[  -2 -17 -13  -3   4   3  -5 -11 -14   4   2   5  -1 -17  10   1  -4 -17  -5  -3  15  15 -17  -7  -6   3  20  -7   6  -4 -18 -13  -5 -14  -6 -11  -2  10  -2  11 -11   4 -21  24   2  -4   0  -3  -5 ]