[   6   0  -8   6   4  16  -1 -18  -2  -3  -6 -13 -15  -4  -5  14  -5   0  -5  -9   2  17  -7   2  -7  29   2 -10 -15  -5  -7   2  -4   9  -8   5 -23 -22  20  -5   3 -10  -2   3  10   0 -11  10  -6 -12  -6   1  16   6  -5  -6  -1  21   1   2  -4   2  -5 -14   0  -6 -15   3   3  13 -28  12  -3   4   0  15  -8  -2  10   1   9 -20 -26 -11   6 ]
[  16  17   7  -7  -1  -7  16   2  -7  -9   5   1  -5  25   6 -12   4 -11   1  18  -3  -6  23  16  -3 -14  12  25  12  14  -2  -7   2 -13   9   6  -3  19   0  10  11  28   5  -3   8  16  -4 -18  19   9  13   0  -7   9   7   9   0   2   9   2  -2  21   5  14 -14   6   3   7  -1   8  16  -7   5  -9   5  10  -1  17   7   0 -10  24   1  21   4 ]
[ -10  -4  -8   8  -3  -2  -7  20  16  -1  -4 -11 -11  -7   2   2  -1  -5  12  14  -4  13 -11   2   1 -21   8 -19  11 -12  25  15   5 -11  -9  -5  -6   5  -8   4   0  -6   0  -9  -1 -13  23 -16 -14 -11  -5   0  -2  -5   0  10  10  -6  23  -3   9   6  -7   1  29   2   1  -8 -14  -8   6   5  -8 -14  -9 -22 -13   0   7  -8  -9   1  21   0 -14 ]
[  -3   3  10  -2  -2   4  -6 -12 -23  -4  -7   9   0   2   0  -1  14  20 -10 -12  -1 -15  -2  -5  -4  14   7 -14  -9  12 -10  15   1   3   4  18  11 -16  16 -18   4   6   3  12  -5   3 -24  11  -3  19   0   9 -16  13 -12  -5 -21  19   1  -7 -17   9   8 -12 -14  15 -30  -3   4  14 -17  13   2  16   4  19  -4   7  -7   1   5  31  -8   0  15 ]
[   8   2 -17 -17  26 -11  -6  13   4   1   2   9  14  10  -9   4  -2   2  -8  19  -5  -7   8   6   3 -23 -11  10  13 -28   4 -14   9  16   7  -8   4 -11 -12   5 -28 -10  -5   5  -4   0  14   0  -4 -15   2   9 -12  -4  -4 -12  19 -19   2  14  11  -9 -16  13  -7 -16  23   1  10 -15  11  -5   6   2 -13  -8  -8 -22 -14   8  11  -9  25 -16 -14 ]
[ -12   1   1 -12  -2 -28   8 -11 -21  -3   4  14  12   4  -1  -5  21  18   5 -18   1 -10  -7 -12  -9 -31  17  -8  -3  -3  16   1  -5  -1   8   4  19 -12  -6  -3 -14  12 -25   4 -17  15   5   7   1 -11  -1   7 -23  15 -10 -11   9  -4  -9 -14  -4   2   4  10  -9  13  -1 -22   2  -3   5   6  -9   5   1  10 -19  16 -16   8  -4  13  18  10 -18 ]
[   3 -25  -4 -13  26 -11  13  -3 -11   2  11  13   5  -9  -4  -6   9   4  -7 -26   7  -6   3   7   8  -5  -2  -8   0  10  17 -13  -8   1   8  10  19   5   5  -1 -15  -3 -14  -1 -10 -15  -6  11  13  19 -13 -17   4 -10  -4 -18  -4 -13  -4  14  11   0   9   1   1  25  -2   0  -1  -9   0   3  -1  -6  11   4  -8   3  -3   4  -3 -20 -11   4 -16 ]
[  -6  11  17   9 -13   2 -26  15  11   7  -1 -15   8 -12   9   1  16   5   9  11   5  -1   0   4   3 -17  31   4  -6  -6   2  38   2   0   5 -13  -1   7   7  -4   1  -9   1   7  -5  -4   0   9  -7  -1 -13  -4 -15  -4  -6  22 -16   6  28  -9   9   4  -1   9  15  -8 -18 -29 -25   1  10   4 -14   4  10  -7   4 -11 -17 -12 -13  20  23 -12  -1 ]
[  10 -20  -4   8 -20 -17  24  -1  15   8 -11 -13 -16 -15   5  -2 -20  -6   2  12  16   3  24 -12  14  -5 -11 -12 -11  -7  -4  -4   0   1  10   6 -12  26 -23   2  32   5   4  -7   3  -4  15  -9  13   2   3  -4   1  -5   3   7  16  -2 -11  -8   0   4  12   5  15  -9  18  -8 -16 -20  -3 -16   2   0  -3 -24  17  -4   9  -9   1 -12 -11  11  -7 ]
[  11   0   3  12  14  -4   6 -24  10  -1   8   2   2   7   2  -6  -7 -18   6 -20  -8  15  -7  24   3   2  26  25   2  14  -8  -3 -15 -18 -10  -4   5 -11  -3  17   2 -12 -13 -10   8 -14 -11  17  15  -4  -4  -9  13   0  13   8   4   8  13  -1  10  13   3   8  26   2 -20   8  -8  13 -12   9  -3 -46  -5   7  -5   1  12  -5 -16 -31 -10  -1 -23 ]
[  -2   2 -13   1  18  24   1  25   6  -3  15   0  -2 -14  -6   2  18 -30   2  17   7  24   0  14 -11 -16   3   7  -7   2  18  12  15  -7   5   7 -21   2  21 -13 -14   0  -4 -21   9  -9   0 -12  -2   4   5 -12  -2 -12  -9  11   2  -2  23  -8  14   6  12   4   1   6  -3  -6 -24  -2  -5   8  -4  -2  14  19   8   1 -14  -2 -24   7   8 -13   1 ]
[  -1  12 -15 -17  13  14   6   8 -12  11  -2 -13  -1  -9  -1  30  -7  -7 -19  22  14  14  35   9   9  -8 -11 -15   7   1  -5  -2   9  -2   1   3 -28   9  -4 -16   6  19  13   1  13  -4  -9 -32   2  17  21  -9  -7  -5 -14  -3  -2   5  -6  -1  -7  -1   0  -8 -24 -11  12  -3  -4  -1 -16   5  15  13   4   8   9 -10  12   1  13  24 -20 -18  12 ]
[  -9  11 -13  -6  14   3 -12  10  -7  12   5  -2  -2  20   7   2 -10  28   6 -13  -7  11 -20  -6  -1  -9 -12   0  23 -10  19   3 -14  11 -22 -11 -19  -9   7  16 -18  -1  22   6  -4   9  36 -15 -18 -10   7  11  -7  -5 -11 -13   2  -5  23  17   5 -11 -12   9  -7  -9  12  -1  25   9  -9   6  -7   8   8 -22 -15 -11  15  12   8   1  14  -8   3 ]
[  -7 -16 -19  20 -14   7  15   0 -12 -17   9   1 -18 -11   3  -6  10 -28  18  -3 -16  32  -3  12  -2  17   1  -4   4 -19  19  -4   9  -2  -9   6   5 -20  33  -5  -4  16 -19 -17  15 -30 -10 -14   1 -10  -1 -10  16   4  12  -9  -8  -4   2   0  -4   7   3 -11   2  20  -8  11 -11  -1  -7   2  -1  -4  -9  25  -8  11   0   2 -23  -4  -8  10  -8 ]
[   0  16  11  -7   1 -13 -12  -2   7   9   3   8   0  10  11  12  -1  -2 -17  18   2 -25  -7  -1   7 -13   8   2   4  23 -17  14  -1  -4   7 -10   1  -9 -21 -16   5  -7  21   9 -12  10  -5 -17   3  -6  24  24 -30   6   8  22 -12 -12  12  -3   0  16 -14   2   7 -11 -22   3 -14  -1  -3  -7  20 -11 -11  -2 -18   2  -6 -11   7  22   3  -4  -3 ]
[   5  -9  15   5  19  -7   9 -17 -14  12   8 -16  22 -11  11  10   8  14  -8  -6   7  -2  31   0  23   2  -7  -4   1  10  14   7  -4  13  -2 -11 -12  31   6   1  12   6   9  12  13 -13   4   1  20  32 -11 -13  19 -24  -9 -28 -25   3  -5  -4  16   4   8  11  -7   9   0  -8   5  -8   1 -19 -10  21  14  -9  21 -27  10   4  -3   3 -28 -15  16 ]
[  -1  -8  -4   5  -8  12 -16   7  15  14   5  -8  -1 -14  19 -11 -15  29   5 -17  21   4 -22   2   1  23  -3   8   9  27 -18   2 -13  12 -10 -22  14   1  -2   6  -8 -23  16 -10 -19  -8  -2  -2 -25 -12  -2  -1  10  -3  13   9 -10  -3  26  -3  17 -10  -2  -6  29 -13 -10 -10  -5   9 -14  -3  -2  -3  16 -27  -4  -1  20  -6  -2 -25  -8   0   1 ]
[  -3   4  10  10   4  12 -18  -4   3 -17   2   0 -11  12  -1   3   4 -11  17 -12 -15 -10 -26  -3 -21  23  -6  16  -5  10   2  -6  -9 -15 -17   8 -12  19  17  -7  19 -24   5  10   4   2  -6  21   0   4 -25  -3  24 -10   3  -5  13  26  -7  12  -4   2  11   8 -15   7   9  24  24  10  16  11 -17 -10   1   5  13   1   7  13   6  -6 -16   6   6 ]
[ -19  -7  -6   1  -3   2  29 -23 -18   3   4  13   4 -14  -3  -6  14 -21 -19 -29  -7  29 -14 -26   6  17  -6 -15 -19  10  29  22 -12  18  -3  14 -25 -13  24  -4  -7  -1   0 -19  -2  19  15  -4  25  -3  24 -14  11   1  -5   0  -6 -11 -14  12   5   0   8   6  -6  16   0  -7  -9  -9 -24  -5  -9  29   8  21  -3  -3  -7   5  -5 -20 -17  12   0 ]
[  10  -6   7   4  -4  11   2  20  14 -10   9 -14  -9  14  -3  -5 -11  -9   2  19 -14   0   9  18   9 -12 -19 -12  25  -4  12 -34  17  -5  -5   7 -12   4   4  19  -9  24   1   4  23  -6  23 -31  -2  12   4 -15  16  -3   8   3   1  -4  16  14  15  20  -2  -4   6  25  -3  29   2  12  10 -18  11 -14  -3 -12   7  31  -1 -12 -17  15   6   6  19 ]
[  13   2  -4   9  -7   4   6 -10  -5   0  -8 -26   9   4 -11  11 -20  -5  -8  15  -7  -4  20   0  20   7 -29 -29  -1 -25  -8 -11  14  25 -17  -3  -1 -12 -12  15  -4  18 -16   7  34  -5  -8   5  -4   5   2  -8  17   0   5 -25  -4  -8 -47  18 -16 -14 -18  -3 -20  -7   3   2  18 -20   7 -20  -3  13  -4   1   4 -17  -1  -4  24 -14 -19 -25   6 ]
[   3  20  22   1  -9  -9   5  12 -13   9   6  -4  -9  17  11 -16  15  15  11 -22  19   6 -22   2 -25   0  15  17  -8  46   2   7 -21 -10  -5 -24   1   8   8   7  12   3   3   2 -14  23  -5  -8  -2   4 -10  -1   9  11  -1   3  -4   5  14  10  15  10   9   6 -21  23  -2  -8   3  15  -3   3 -16   2  30  20   4  33   2  11   9  15  -8  20  -7 ]
[  -6  -7 -14  -7 -16   0  25 -17  -3  -6   1  10  14   5  11  -2  -6  -5  14  21  13   9  32 -18   1 -19 -14  10  -2  12  -4  -5  -1  -5 -10  11  -4   3 -20   4  25  34 -27 -20   9  10  -7 -25   8  -9   8   2   5   5  16   0  30  -9 -39 -41  -8   2  17  23  -8 -15  31 -14   9   0  14 -23   5  -7  -2  -2  17  18  18  15 -19   3 -18   9   3 ]
[ -18  -7   8  -6  22  21 -19  10   6  24  11   8   5 -19  20  23   6 -16  -8  13   4 -19  -2  -3   4 -27   5  -7  -1  34  14  32  -7 -13   3  15  18   9  11 -26  -5  -3   7  -5 -12 -10 -12 -11  13  33   1 -23 -21 -16  -4   4  -4 -20   8 -11   8   9   9  17   4   1 -18 -12 -10 -13  19  -2  -9 -16  21   9  -2   0 -14  -3 -15  16  -5 -16  -1 ]
[  -8  -8  -3 -25  16  -9  -4   4 -11  12  -4  17  18  -9   1   3 -20  14  11 -29  -2   3   7 -18  14 -17   3  12  -5   5  -6 -10 -17   3  -5   2   2  12 -10  29  -8  18 -10  -6 -12   0   9  22  30   6  -5 -11 -23 -13  -4  -4  -8 -21  -9   0  -2 -18  14  -7   1 -14  19 -10  10  -1  14  -1   5   3   6 -12   8 -12   7   1 -20 -25   9  10   4 ]
[  -5  10 -20 -17  15  24 -17 -13  -1 -12  -8  16  16   5 -10   4   3   2   0  17  -6  10 -16  19 -28   5 -22  10  23   2 -32 -30   3   5 -21 -13 -12  -3  -2  -5   1  -6  -2   3  -1   1 -16 -16  -9  -3   4  16  12  -2   7 -17   6  25   4 -14  -3   1  -6  -6 -24 -10  13  23  27  28 -23   3   3  19 -23  20  11 -11  14  10   3  14  -9 -16  17 ]
[ -11  -1   1   0  14  -8   2  -9  13   2  -4 -15  -2 -22   9  14 -11   2 -19   0   1 -18 -23 -10  14 -14  -3 -42  24  10  12   7 -10   1   0   0  13  19 -29 -20   0  -3  13  -2  -6 -12   7 -11  10  16   8  -5 -10  -7   1 -11  13  -5 -19  16  10  -1 -21  -8   6   3  -3   9  -8 -19   0 -21 -14   4 -14 -10 -10 -11   5 -20  26 -23 -26   2  -5 ]
[  -9  22  -8 -13  10  29  -5 -11  -7  -8  -7 -22   2  -5  -6  -2  -6  -8  10   8   5  13 -17  -5 -32 -11  30 -28   8  13  -8   7   1 -17 -19  -2   4 -12  -6   6  -4  13 -20 -15  -6  14 -18   4   1 -11  -1 -18 -11  17   5  10  24  24  -5  -7  -7  12 -20 -23  11   4  -9   5  -1   3   2  29 -25 -22  -4  19 -18  16  19  -8   7 -11   4  14   2 ]
[  11  15   5 -13  12  36   2 -14  -5  -4 -15   2   6   8 -17  -4   7   4   3 -16  -4   8  -7  10 -20  16  25   3   7  20 -23  -7 -10   1  -3  -7   4  12   1  16  -5  20 -13 -16 -10  27 -16  12  22  -5  -3 -10   6  21  -6  -3   3  27 -15   3  -7 -11  -7 -17  -7  -7  11   5  22  -2  -1  26  -7  10  -7  22 -10  13  32   5  10 -27  -3  26  16 ]
[   3  -9 -13   4  21  19  -9   2  -3  -3 -11  27  41  11   3  -4   2  20   5   0 -14 -12  -2   7  19 -14 -32   5  22  18 -16   4   0   7 -10   3   2  -5 -18   1  -8  13   8  -4   6 -13  -7  -5  -9  23  29  28 -40 -10  -5  -4  -3   7 -11 -11  -6   3  13  -1 -10 -14  -7  -9   2  -3 -11 -16  10   9  -8 -13  10 -24 -15   1  -6  22   5 -29  13 ]
[  15 -22 -17 -10  28  35   0   9 -12 -16   2   4  18 -24  -1   3  12   5 -13   6  11   0  22   2   3   3  -2  -6  11 -16 -12 -28  21   0  17  12   4   8  21 -27 -13   2  -1   1   0 -27 -30 -13 -20  21  10 -12   5 -10 -13 -15   6  30 -17  -4   0  -1   4 -12  -2   1   8  12   0  -8  -2  16  10  -3  -9  10  -8 -14   4   2  -1  -1 -14  -5  15 ]
[  19   6  11   6  18   0  14  19  10   1  -3 -18   1  -4   6 -12  -4  -8  15 -20   9  -1 -16  19   8 -12  15   3   0  10   1   1 -10 -21   8 -13   3  33 -10  26  -3   7 -15 -16   5   9   3  -1  -9  10   8 -11   8   0 -10   6   3 -14 -16   0  14   0  -3 -10  22  -5   7 -33 -14 -20  11   5  -8 -29  21   3 -11   1  15 -12  -2 -18   9   6 -21 ]
[  16  -1  21   6  13   1 -14   3  28  14   7  -7   9 -18  -3  18 -13  -2 -13   8  19  -9 -21  10  19  -1  -8  -5  20  24 -18  -1  -5 -24  -8 -19  29   6 -31  -9   9 -15  -6 -10   3 -12 -16 -13   6  27  -7  -9  34  -6  10 -12  -4 -10 -12  -5  10  -2  -5   6  14  -7   0  14   5   5 -11 -16  -5 -18   2   2  24  12  14 -11  19 -20 -11 -10   8 ]
[   8  10  -4  11  23   6  14 -18  -4   2 -12  12  -3   3  -4  19   0  17   6   5   8 -19   7 -15 -29 -20   5 -15 -19  25  -1   5  10   7  -7  21   1 -11 -14 -17   3  26  -6 -23   7   0   2  19  -2  18 -13  24 -22  13 -16 -26   4   2  -5 -46  -7  -6  16  11 -17  -1 -16 -21  20   0 -14  -2  -8   2  -1   9   4  18  10  18   5  -3 -13 -12  -9 ]
[ -17   7  -8  -8  27   7  -2  -1 -12 -18   4  25   0   1   1   5  -3 -11   7 -11 -13  -8 -34  -2 -20 -14  -3  -6  -2  11   8  11   2  17 -35  23 -19 -33   5 -16   1   0 -12 -17  -2 -18   8 -11  -3  -1   1  10  -1 -11  17   7   1 -12  -4  10  12   6   4  16   3  24 -19  12   1   0 -17   7   1  -8 -16  10 -12  -3  13   7 -23  -6  -7   1 -11 ]
[ -11   3  11  -8 -41 -24   2  -8  10   5   2  21   9 -21   8 -24   3  19  -8 -18  10   4   6 -29  14  -3   4  -4   8 -11   3   2 -14   7  13  -2   7  -6  -1  -6 -13   4  15  -4  -5  17  16  -2  10  -7  13  -4  15  15   0   5 -12 -19   2 -18   1   4   3   3 -17  -5   8 -17 -12  19 -25 -33  -2  36  20  -1  27  13 -15  -1   5   2   4  21   6 ]
[ -27  -8   1  -3 -32 -20   8 -18   4  21   9  -4 -10  -4  17  -1 -18  20  17 -38  11  16   2 -35  -6  15 -10   1 -14 -14  -7 -21 -17   1 -10 -23   4   0 -11   4 -14  -1   8  -2  -9  17  23  24  -8 -32  11   5  10  -7   3  -3  -3 -13   6 -25 -22 -19  -7 -11   7 -20   6  -6   4   5   3  -1  17 -10  23 -27   0   5   8  12  17 -19  10   6  -7 ]
[   8  -2 -21  -2  -1   6  33  -9  15  -3   2   9 -12   6  12 -21   4 -10   0   9  17  -7  -3   1 -20  21 -50   8   0   3   3  -7   3  23   0   7 -24  13  -6 -13  21   3   6 -15  -1   9  -4 -14  -1   9  10  12  27 -34   9   1   5   0 -21   1   8  -2   3  20 -10  14  13   1  -5 -18 -11 -28  10  20  15  -1  18 -30  11  14   6   2 -32   3   5 ]
[ -12   7   0  -5  -8   4  -8  20  -4  -3  23  -1   3 -18  21 -16  -4 -33   3  32   2  17  28   7   3   3  29  38   5  10  -2   0   7 -15  11 -17   2  10  18 -17   8  -4   1 -11 -16 -27 -15 -41  -8   0   4 -24  -4   5  40  23  -4 -25  12 -10  29   3  -1   1   7  -3  17   4 -18  -6  12   5   9 -27  -5  -9  14   2  18  10 -14   1  -5  14 -15 ]
[  11  17  -1   8  18   1  -4  18  11 -14 -19 -18 -14   7 -11  12  12 -19  13  29 -18 -18  -1  -1  -8  -3   5  -5  -2 -10  16   5   9  -6  10   9  -7  -7 -22  17   3   5 -13  -7  17  35  14  12  27 -30  -5  -2  -6  25  -5   0  43  10 -27   4   0  18   2  -2  -4   4  16   0   5 -25  18  -8 -31  12 -10   9   5   3 -11   1   4 -13  20  17 -13 ]
[ -11 -35   7   0  -9 -22  25  -6  -7   3   1   9   4 -14   8 -39  18  11 -11 -14  16   4   5 -24   0  -7 -20  -1 -12 -26   8 -14   6  16   7  22  17  -4   2   3   4   1 -15   1 -12   4  30  21   3  31  -5   1 -10  -9  -2  -6   7 -16  -1 -18   7  -7  23   3  13  30  11  -1  26  -1  -6   1   7   6  11 -22  36  -6 -12   8  -3  18  15   4  -6 ]
[  -2  22   3  11 -16  -1  16 -30   1   3 -24 -14  -2 -16  13   2  -8 -13  10   2   7  12   5 -23  -7   3   7 -24  -7  10 -13  19  -6 -12  -6   6 -21 -10  -1   5  39  -4  14   0   3  -1   4   1   3   2  -5   8   1  -2   0  29  12  12 -24  -3   6  12 -17 -13   6 -12  -4  -5 -11  14 -23  14 -23 -14  -4  13  17  -6   7   2   8  14 -26 -14 -12 ]
[ -20   2  26 -25  15  21 -14   7 -10  -3 -18  11  28 -22  -1  12  36  -5  -8  11   3  -7   0  11   1 -16  24   5  -8  18   2  26   7   4  12  -8  17  13  -1 -14 -23 -12  12  -2  -9   9 -12 -15  -9  11   7  -2  13 -11 -11  17 -12 -17 -15 -15   7  -2 -16  -2  11 -17   3  -7 -11  -7  27  14   1  17  -6  20   0 -13  -1   3 -15  29  26 -10  24 ]
[ -12  -9   9   5 -24 -19   9  -6   4  -6 -14   0  13   5  -4  -6 -27 -15  -4   4 -31  15  11   3  33  13  -9  -6  -4  23  -2  -9   4   1   1  -5  -1  -8 -31  25  -2 -12 -12 -15   3  -8   5  -4  -6  14   4 -14  14   4  16   4 -13 -21  -9  12   3   7  -2  -5  10   5  11   7   1  16  18 -14  17  -9 -13 -30   6   6  -6   0   5   1  -1  -3  -8 ]
[  21  -6 -11 -12   2 -14  10 -29 -14   5  21  12 -18   9  -9  -4   2 -28 -23  -6 -14   4  20  16  17  -2  16  12   1 -31  11 -20 -11 -19  25  24   2 -16  37   1 -27   8   2  17   0   3   1   4  15  -5  14  14  -1  17   3 -11 -27 -19  12   0 -15  13  -9  -4  -9 -23 -26   4  -5  -1 -17  18 -10 -18  11  37 -21  -4 -10   8  -7  -8 -13  -8  -7 ]
[  -2  14  10  -5 -13  15  14 -13 -18  14   6   1   6  13  14 -11 -15  12   7  -2  29   3 -18 -13 -21  19  -5  16  -7  21 -27  -4 -23  18 -11 -23  -6 -14   6  -2   9 -11  24  -7 -15  33  -1 -27  -9   4   6 -10  17   7  11  19  -6 -16  -9   9  -3   1 -19  14 -22   2  24   5  30  33   0 -10   4   4  14  15   6  21  31   7  15  -5   0   5  10 ]
[   5   0   6   2 -26  -2   5  -8  10 -15 -28  11   1 -17  18  10  15   5 -14   1  -8 -26  -5 -14 -10  -4  -1  -7   6  20 -23 -27   3  24   7  -1   7  25  -2  -8   7  -3  -2 -11 -21   7   9   6  22 -12   1   2  17   0  16  10  -2  15  12 -11  22  14  13   3  16   9 -10   3   8 -13 -15 -24   0  13 -17   3  13  -1   8  -2 -11 -11 -18   9  -4 ]
[ -17 -17  21   3 -22 -23  27  -7 -29 -15   3   4  -4 -17 -12 -12   6   0   0 -23 -19   4  -4  -6  -1  13   4   0 -18   5  28   6  -6   8   0   2  36  18  -9   7   4   3 -22  -9  -9 -17  19  13   1  15 -22  -8  14 -12  11 -27 -16 -26 -18   8 -11 -20   0 -20   5  35  11  23   9 -14  17   6  -4  13  -3 -10  -6  -2   9   0  -2   8   5   6   5 ]
[ -16  -4  12   0  -2  -6  11 -16 -12   3  16 -20 -12   4   0 -12  20 -13   6 -19   3   4  -6  15  -8  18 -11  13  -6   9 -11 -24   1   9  -2 -13  19  17   6   7  -6  10  -2   3  -6   7   9   2  17 -14  -3 -18  16   3  13  10  -1 -19 -11  12  16 -12  -2 -10  16  22 -15  19   6  10  22  13   9   4   7  10  15  29  20 -12 -23 -11  -1  24  -4 ]
[  11  14  12  -5 -19   9 -40  21 -17 -22  12 -35  -2 -20   9   0  25  24  12 -14  21  -9   1  -6  12  22  16  -8   7   6 -25   3   2   2  -9 -22   9  12  22 -14 -17 -23  19  19  10 -13 -23  -1 -16  -5 -10 -18  11  -6   4  -1 -18  12  20  13  -4  19  -1 -10 -11  -2 -13   8  -8  14   0  -4  -4   9   8  11   3   4  12 -18   4   6 -14   0   2 ]
[ -13   0 -10  -8  26  21   2   3   1   3  19 -12   3  -9   6  10 -12  -2   0  13  18 -15   8  -5  10  -1  17  -4   6  17  20  39 -15 -19   6   6 -13   8 -10 -21   3  -8  15 -27  -1  11  -3 -19  15  19   4 -26 -20  -2  15   0   4 -20   5 -16  11  -2  -3   7  -1 -15  18   0   1 -10  -6  -4 -15  -2  12 -16  16 -24  28   9  -4 -10  -2  -1  17 ]
[  -4  12  -4 -12  -3  22 -24  12 -10  -3  11   0  30  -8  -4   8 -10  -5   0  -1  -4 -13  -6  26  -1  12 -20  18  20  26 -13 -11  -7 -23   8  -6  13  43   9 -11 -14 -10  -7   4 -15   4 -20  -9  -9  16   5 -20  20   3   2  14 -15   2  -9   1   0  -7  36  -8 -15   1   5 -11   1   8 -13   1   4  14  22   0  30  13   7  -5 -12   4  -8  -7  27 ]
[ -15  -3 -17   8  21  32 -25  -1 -13  -7   0  -1  25  -6   3  13   6  10  13  10 -16  20   2   4   9  -2 -19   6  30  -5  -6   3   3  -6  -8   2  -5 -10 -15 -10 -16  -3  10 -15 -12 -14  10 -14 -13   9  11  20 -16 -10  -2 -21  21  26   3 -28  -8   5  15   0  -4  -8 -11  12   9  21 -17   8 -11  11 -11 -16  15  -3   0   4 -18  -7  -4 -28  20 ]
[  -3  -9   1  14  12  14  27  -3  -1  10   9  14   7  22 -10 -21  -2 -24  11   3   4   4   4   3 -13 -18  -9   1   6  12  34  -4  -2 -11  -6  22 -15 -19   5  12  -3  18   4 -16   8  17  20   0   5  29  -8 -24 -14 -14  15  12  18  -8 -12  -4   1   4   3   6   0  38   0  12  -1  11  20 -15  -7 -13  14  -2  -2  33 -21  -2 -28 -17   3  20   2 ]
[ -18   7  -3  -5  31  26 -20   3  20  23  -7  22   0  -9   2   7 -20 -11  -3  12 -12   5 -16   4  -9 -10  -4  -3   7   1  -7  14  -4   6 -29   3  -2 -35  -9  -3 -11   9  16  -3   7 -12  15   3   4   2  24  -4 -39 -20   5  22  -2   5   5   4 -23  -3 -11 -19   3  -9 -31  29 -12   7 -40   6  -4 -13  -6   0  -6 -19 -29 -16   3   6  17 -19   5 ]
[  35   2  12  28 -11 -11  15   8   7   0   7   1  -8 -25  -1  -4   7 -10   2   6  14  22  20  35   3  24   7   4  -7  -5   9 -17  18  -4  -4  -6  -7   8  28   3  -3  13  -9   1   9 -21  -4   9   0  -1 -22  -4  23   5  -4  16 -25 -10  -1  -2  12   7  14 -15   0  30 -18 -18 -14  -9 -33   0   7   1   2   5   0  12   7 -16 -10 -13 -10   1 -10 ]
[  12 -16   0  12  20 -39 -24  10  -5  25   5   1  20 -12  20  15  -8  -6   0  -1  -8 -10  17 -14  31  -6  -1  15   4  -4  -8 -14   0   6  11 -31  18  -6 -13  -1  -3 -17  24   8   6 -32   0  17   7  -6  13 -17  -9   1   4 -18 -10 -16   6   5  13   5   0   5 -12 -21   3   9 -15  -6  20 -27  -8  10   1  -2   3 -20 -52 -14   1  -8  17   4 -27 ]
[ -21   1 -12 -13 -11 -26   5 -15   4   3 -13   4  22   9  -7   1 -24  -1  14   1 -21   7  21 -14  12 -17   5 -25  12 -37   3 -16   3  -7 -17   1 -10 -11 -25  27  14   0 -22  12   0  -9  35  -3  -7 -27  -5   8   3  -3  17   8  27 -16  -9 -33  10   1 -19  -3  13 -18  20 -12  -5   2  27 -19  18 -13 -32 -21   0   2  -4   3   4  -8  15  16 -28 ]
[  19  14  22  -9 -14 -22  17 -13  14  -7  12  -1  -4  21  -5   4 -12  -8   0   9   5  -5  10   1  -1 -10  10  22  -6 -25 -27 -18   3  11  13 -19 -16 -27 -18 -10  11  13 -31  16   8  12   0  -9  10 -23   3   8   1  20  12  23  13   2 -15   5   1  11 -14  13  -2   6  25   8 -14  -5 -13 -16  24  -7 -25 -10   1  17  -4  10  25 -18  27  -2 -15 ]
[  -4   0  -6  19   0   7 -16   1  -4  -1  14   9 -25   0  12   9   0 -25   2  24  -6  15 -18 -15 -10   1  -8   9  -3  -1  -2  16  -3   5 -15   1 -13 -21  30 -33   4  14  18  -1  25 -12  -7 -15  -6 -12  -8  25  15  -1   3  -9 -10 -11 -20   4 -25   2  11  -7 -14 -22  -8  11  16   2   7   1  -7   3  14  26   3   1  -1   0 -10   4 -29  -1  17 ]
[ -16   0 -17  -2 -16   7  -6  24  -2 -12   4   5 -11  -1  12   6 -14  -7 -25  18  -1  13   4  -2  10  12  -2  -2   2 -12 -14  12  -4  11 -18  37   6 -20  18 -28   4   4  -8 -14   6  -9 -16 -17  -8 -14  10   4 -18  12  14  32  15   0  16   2 -12   8   5  13   8 -24 -16  -1  -9  14  -5  -5   4   7 -14  15   6  -9 -12 -19  -1   0   0  -1   4 ]
[  12  21   5   3 -23 -13   9 -30  26  -8  11 -13   6   1 -13   6  11  -4  -9  -9   4  14  -5   9  -4 -19  22  18  -1   1   7   7   0 -14  -4  -7 -12  17 -16  17  18  24  -1   5  -4  15  10   9  37  -9   9  -5 -11  -4  -1   8   3  16  -5 -14  -1  10  -3  21  26  -1 -11   0  -4  13   5  10 -14  -8 -13  -1 -25   5   4 -30 -36  -3 -13  12   1 ]
[  20   6   4  10   3   3  14  -7  -3   7  11  11 -10  -1   5 -12  -7 -20   3 -25   5  13 -20  12   3 -16  -4   7  17  20  -8   2 -34 -31  -4   9   3  -1   3 -12   9 -11  -9 -14  -1   3  -5 -21   6  22   2  12  -1  -6  -8 -16   9   6 -18  -5   0   4   6   0 -32 -15   6  -1  20   2 -40   6 -11 -25  24  23   4  12  -5   6  22 -20 -33 -16 -22 ]
[   0 -11  12  13  -3 -17  -5  -4   2   5   1   1 -20   8  -5 -23  -3 -28  29  -2 -13  -7  -6  35 -13  -3  15  29  -7 -24  -6 -14 -17  -3  33   1  14  -8   2  15  11  -4 -21  10  -2  -3  18  13   8  -8 -20  12 -18   8   6 -14  14 -13  -3   2 -10  -4  -1  -5 -15 -10   8  12  -2  -6  11  -1  -8  -3 -25  31   9 -12 -16   4 -18  20   9 -11 -22 ]
[ -31   5  -4 -31  12   5   9 -23  -6  -1  20   5  29   3  10  -4   2 -24  -8  -1  -9  20 -16  -9  -6 -21   4  17  11  -2   9   2 -13   4   7  -8   5   7   8   8 -23   4  -9  11 -23  14  17   3   2 -13  16  -8 -15  -3 -10  -4   8 -29 -19   6  11   1 -31   5   2  -8  27  -5 -14  -8  22   6  -6   2   0  13 -12 -15 -18  -5   9  11  12 -21  -8 ]
[  -1  -5  10  -8  10 -17  17 -18  -4  -3 -21  28 -25  21  17 -10  -2   9 -21 -30   2 -14  10 -21  -3  18  -3  14 -22  19   7  11 -29 -23   9  43 -13  -6   8  -8  24 -11  12  11   3  24 -23  23  12   9   5   0   8  11 -10 -16  10   6   5  -9 -14  15  12   6   4  27 -14   2   9  19 -17   4  32 -16  -9  -2 -15   2  26   8  14   4 -27  19 -20 ]
[   8  16  -4 -15 -24  -4 -20   1  -4  -2 -17 -11  16  -9 -28   1 -20 -10 -11   5   5  -5  10  21  -3  -4  -4 -16  12  14 -14 -14 -15 -13 -11   2  -4  36 -27  -3  23   5  -6  -4   5  20 -19  -7   9  -2  -2 -30  11  27  18  26   9  10 -20   6  -7   3   4  -3 -30 -11  11 -26  13  -3   8   6  -1  31  33 -11   6  11  21 -10  18  -4  -1  10   5 ]
[  -2  34   8  27 -24  -8  16 -31 -21 -10   9 -10  -3  -6  18  10 -14 -19  13  -3  -9  -5  -9  11 -25  20  -4   5  10   7 -35  -9  15 -20 -23  -3  22   5  -5  15   0  31 -20 -14  15  17 -27  27  12  11   9  16  13  14   5 -20 -23  -5 -18 -49 -43  -3   9  -9   0   2 -20 -16  24  30  12   0   2   7  -8  31   4  18  20 -10 -19  11  -8   2  -9 ]
[  14  12   7   0  -8 -13  18  16  24  -6   4 -14 -16  -2  22 -19  10 -16   4  14  29  15   9   6   7 -22  19  20  -5  -2  -6  -3  -2  -4  15   8 -17  42  -7   4  20  -5   4 -14  -3   7   3  -5   4 -11 -21   6  19  -5   2   6   8  -3  10 -27  16  17   0  16   9  -8   2 -18 -14  -6  21 -29   9  13   1   3  -4 -12  32 -19 -27 -23 -30  22   5 ]
[  -9  15   4  -1   2  14 -14  -8  -9 -13  -7   0  13   7 -14  14   7  11   7   7   0 -12  -6   6 -28  12 -11  -8 -18  26 -30 -11  28  10   1  11  -8 -35   0 -29  -6  -8  -7  -6  -2  13 -20  20 -23 -18  -8  24  -7  10  21   2  -9  27  -7 -31  -8  12  10 -21 -16 -11 -34  -2 -12  12  18   6 -15   2  -3   8 -11  11 -22   3 -17   3 -10 -39  11 ]
[ -27  21  11   9 -20   1 -29  -6  -7  13   7 -19   2 -37  24  35   2   9   1   0   9  17 -13 -13  -4  12  35   2  -3  20 -17  18   4  -6 -27 -16  28   1 -13 -13  -2 -11  -7  -7 -26 -14 -21   5  -8  -2 -13  -2 -14  -7  13  19 -17  -6   3 -12  -5   0   2  -7  27  -6 -37  -6 -23   9  10  10  -8  -5   0  -9 -18  -8  -2  -2  -8  11  -4  -7   0 ]
[  -1   5 -14 -17  27 -17   8   3   5  -8 -13 -13  -6  -2   0  -4  18 -21   8   9   9  -7  17 -18 -14  14  -2  -5   3   5   7   9  -8   1   3   2 -16  32   0   0  35  26 -13  -6  -4   5   5   2  40  16 -17  -9   2  -8   0  -4  17 -14  -1   2   9   3   2  11   5  20  33   2  -5  -2   4 -13   8   7 -17  16  31   4   2   4   7 -11 -13  35 -18 ]
[  -2   1  -3  14  -1  14  14  -4  -1   0 -11 -10  17 -17   1  -3 -16   2  -8  22  10   0  13 -13   2  37   1 -23 -28  -5   0  16   4  -7  -2  13   4  13  10  -3  12 -18  -6   7  18  13  -3  16 -28  -8   0 -20  11  21  -7  13  17  14 -23 -20   0   4 -24   0  11 -23  11 -33  -4 -10  14  -3 -19  -2 -13  -3 -12 -15   6 -15  23  -9   1 -16  -8 ]
[   4 -11  -7   9 -39 -10 -19  -8 -13  -7 -36   0  -1 -13  17  16 -22  15   3   5  -8 -11  24   3  22  -2  -5 -13   3   3 -35 -19  25  13 -14 -10  30  -9 -23   3   4 -12  16  10  12 -38 -18  -2 -25  -8   3  10   5  11   2  -6 -14   9 -25  -1  -8   6  18 -37   8 -17  -8  10   3  -7  -8   0  12   2 -22 -20   1   6  -7 -12 -15  13 -10 -10   3 ]
[ -24   2   0  -9   9 -16   2  -5   0 -18   0  16  10  -6  -6   4  16 -13   3   5 -16 -21  -4  -8   7  -9 -10   1  13  -5  17   7   7 -28  12  23   3  23  -7 -18  22  27  -9   0   2 -23  -5  15   1  22 -13  10   2  -3   3   8 -16 -12  -1 -16 -14   0  18   9   3   6  -7  -1 -27  11   3 -17   6 -19 -11  12  24  10 -14   0 -13  24   1  10  -5 ]
[  15  10  -7  40 -13  20 -10  -1   7  -7  -9 -19 -19   1  17  -1  -8  19  15  -4  11  -1 -12  -4  -6  16  -3   2  -1 -36 -18  12   0   5  -5   6  11   9  17  -1   7   6  -3  -1  13 -20  10  15 -23   4   6   4  -8  15 -18 -10   5  14  41 -14 -15  -7  22  10  -1 -12 -12 -28  -8  10 -28   1  -3  -4   3  10   5  -1  11 -15  -3  15  13  -1   7 ]
[  -5 -13  -3  12   2  31 -15 -13   7   9   8  15  18   3  -5  -1  -3  -6  20  -8   4 -10 -31 -17 -12  -1  14 -15 -18  10  15  30 -12  -8 -12  20   5 -30   3   6 -30  -1  -1   4  -3  13   1  43 -27  -5 -26 -13   2  11 -17  -2 -11  18  -7 -21 -23  -5   2  18  15  -2   1 -16   2 -15  11  19 -34 -23  14   7 -15  22 -16   6 -13  -2  33  -3  15 ]
[  10   5 -18 -14  17  -3   5  21  -4   6  -9 -21 -26   5   2 -11 -13  12 -19  -7  28  -9 -26 -10 -15   9 -44  -7 -10 -22 -24 -18  11  13  15  13 -21   1 -13   7  21  -9  14  23   3  -5   3  16 -25   8  -9  18   5  -2 -23 -12  24  13 -18  16  -9 -27  17 -16 -13  -6  36  -6  30  -1   5  -1   4  12  19 -13  13 -38   3   3  24  -5 -21  -5   0 ]
[ -16   8   0   4  29   0   3  -4   2  -9   4  11  -6  15  16  24  17  -5   6  -1   4  27  -6  14   6   4  13   8  15  22  12  11 -25  -8  -7  -8 -31  -4   8 -20  -9   3   9 -11  23  12  -3 -12   8  -2   2  -6  31  -4  -8  20  -5  17  -1   0   9   5  -1  19   0   2  -4  20   3  29 -16   3  14 -16  -4   9  10  19  29   5 -10  -9 -12 -10   0 ]
[ -22   2  -2   9  -9  -3 -16  12   0  -3  16  10  26   0  -2  11  -5   8  -5   4  -7 -25  -9 -12  -7  -3 -16   2  11  14  -1 -12  22   8   1   2  16   5 -11 -16 -13 -31  28   3  -5  -4  -9   5 -32 -10  21   7 -21   2 -19  11  -6  19  34 -12 -13  -8  12  -7  17  -4   4  -6 -11   1  10   4  24  -4 -20 -26  11 -10 -22  -1   0  42  26 -36   9 ]
[   7   7 -12  -3   9  -2  14  -2 -16 -20  12 -19 -15 -20 -34 -13  -5 -16  19 -10   2  12  14  15   2  24  11  -7 -20 -10  -5  13  11  -3  25   5  11  -4   5   3  -7   6  -4   3  14 -25 -25  29  -4  20 -23  -9   1   7 -23 -18 -13  -3  -1   7  -1 -19  -8 -30  -6  10  -7   6 -13  -3 -12  10  17  13   3  17   4   1   3 -24 -24  -4  -4   9  15 ]
[   5  11  20 -16  18  10  -5  15  23  13  -3   6   3   3  -4   0  -3  26 -20   1  -2 -11  -3  19  -4 -11   7   1   8  10  -9 -15  14   6  14  -2  31  -6 -28   7 -13  11  13  11 -10 -14  -2   4  -1  29  -3  -1   2 -24 -13  -5   3   3  -4  13  -4  30 -14 -18  21  26 -29  25  11  13  23   1   0 -17   5  -1  -5 -11   2 -20   5   5  12  -3  24 ]
[  13   5  12  26   8  -7   2   1  -4  14   5 -12 -17  36   0  -3 -10  19   5  16  -3  -3  40  -1   0 -23   2 -35  11 -23  30   3   1   5  -8  20  -6   7   1 -10   7  25  10  20  28  -3  18  -5   5 -16 -19  -1 -20  26 -23 -23  19  12  15  -1 -12   2  -4   9 -27  12   4  10  20 -13   0 -16 -11   6 -22 -19  -8  10  19 -11   1  15  -1  -6  17 ]
[ -25  -5   7  -6 -14 -16  15 -38 -11 -22  -7  25  23 -13 -12 -16  14   2  -5  12   6 -33   3 -14 -10  -3  -6 -25 -15  13 -17  -2  14  -2   9  17   9  26  -8 -14   3 -11 -25  -7 -11  14 -25   9  -8   0 -16   1  25  -3  -7 -11  -1   0 -27 -40 -11  -2  18  21   5  -8   7 -18   1   3 -10   0  13  13   8  -5   1  27   7   2  -1   3 -10  10 -13 ]
[ -10   8   1   6  10 -24  13 -22  -6   5  15   4  18  -5   2 -14   9  13 -15   8  11   8  28 -14  -5 -12  -1   8  -4  -4  27  22   3   3  21   3  24   3  13 -27  -6   5  -2  -5  -9   5  16  12  19  11   0  -7  -5   2 -12 -16   5 -12   5 -18   2  10  -3  12   1  -3   3 -12  -4  10   7 -28   5  22  13  14  10  12 -13   9   6  -7 -17   0   6 ]