[  -3  -7   2   4  -2   2 -15  -6   1  -3   4  -6  28   2  -3  29  -5   4  11  -5  -4  -6   6   5  -1  -7   0  -8  14   4  -6 -12   9   3   3   5   8  13   1   6   2  -6  -4   2   7   4   6 -12   3  -7 -27 -12  12   4   3  10  10   2   7  33  -9   1  12  14  11  -2   0  -1 -12  -8 -25   5 -10 -27  -3 ]
[  -7   6   2  -5  -3 -21  22  -5   4   9   0   8  -9  15   2 -19   9   2  -6   7  -6 -24  18  -5  12  -1 -13 -14  11  -9  15 -25   4  23 -10  -9   5 -10  -8   0   1  -9  -1   9  -6  10   3 -14  18  11 -10   4   6 -18   5  -5   8  18  -3  -3  -1  17  -1   5  -1   8   4  15   4  -7   2 -13  -3   8  -3 ]
[   9  14  -7  -8   6 -12   7   7  -4  16 -21   6  -6  -4   6   7 -16 -11   0 -12   3 -10   0  -3   1   7   9  -7  14 -26  -3 -11   2   7  -6  -6   1  10  -1  13  10  -1  -3  -4 -10 -18  14   3  11  21 -32  10  -7  11  16  -3   9   6   2  12 -16  15  13  17   8 -21  -9   1 -19 -11  -9   2  12  11   1 ]
[  -2  -4  -1  -6   2  12 -13   6  26 -15   3 -13  -2  -1  17   7  16   1   9   1  -1  -5  12  -5  -8 -28   9   2   2  13   5 -10  -2  -8   5 -16   8 -13   5   9  -1 -26 -13   7   0 -10 -17  -4  13  -7  21 -16  10   2  -9   6 -21  -6   1  20   7   6  -2  19 -18  -5   7  -8  -8  16  -7  -1 -13   8 -14 ]
[  13   7  14  23   2  -6   8  15  20 -11  -8   2  -1 -20 -17  30 -12   9  11  -6  -1  20  -2   5 -10 -11  10  15   8   7   1  -1   3 -23 -12   6   0   1  -4   3   6  -4 -18  -2  -1 -12   2   7 -13 -26 -11   2   7  14  14   3 -25 -24   4  16 -16   0   3  15   5 -32  -1 -15 -19  17 -27  -4 -13  17 -13 ]
[   5 -19  25 -17 -12  -7   4  -6   8  -7  10 -21  -1  -1 -10  18  -9 -12  25  -9 -23  13   7  -2  15 -20   1  13 -12  11   9   8   1  -4 -24   4  13   2   3 -11 -22 -14  -6   4   5  -5  -2   5 -15 -12   4 -19  10  15   4   2 -24 -20   1  12   3  -4   1  15 -14 -20   6 -14 -12   3 -10  -8 -17 -14  -8 ]
[   8   1   9  24   5  16  -1  -4  13  -3  -5   6 -22 -18  -5  -2   5 -12   6  -5  18 -10  -5  -5   4  11  20   6  -3  14  -5  11  14 -21   4   9  -8   4 -26  -3   8   3  20 -18 -10  10 -17   4 -13  -5  14   6 -19 -12  -1   8 -27 -23 -12 -24 -10 -14  -3  -8 -11 -19  -8   6  14   9   1 -24   6   3   0 ]
[   5 -27 -11 -12   0 -22   8  12 -25   4   5  15  31  15  -4   3  13   3 -11  -8 -12   3  17   0   1  -3 -18  12  -7 -10   0   9   2   4  -5   1 -16   9 -10  -6   9  13  -7   1   9   7 -16  -5   0   0  -4   3  16   2   5   7  10 -11 -10 -17  26 -10  -6 -12  10  27   4   9   6  15  19   7   1  -2  -4 ]
[   9   2   8  23   6  20  23   6   1  14   5  17   6  -3  13 -18  12  10 -24  -6  25 -24  -2  -2  -1   0   3 -13   0 -28   7  15   6  14   9   5 -18 -13 -23 -13  10  13  32  10  -7  16  -1  -6  10  25  -4  20 -11 -11  -4  -1   6  -3  -9 -13   0  -9   8 -14   7  31  -1  11  17  12   5 -38  23   2   8 ]
[  -4  21 -15  18  16 -20  -7   9   6 -16 -22  29  -2  -3 -16  -6  11 -29  13   7  19 -19  -8 -14 -15  31  10  11  10  -3 -15  -5  16   2  -3  -2   2  -3 -10  25   0  -9  -8 -10  -5   0  -3   7   1  -7  11   2 -20  11   4  11  -3 -10  13 -14  -6   2   3   7  -3 -19 -11   3  -4   8  -8   0  19  12   3 ]
[  -8  -1  -6  -1 -12 -16   4  -3  -2   4   1  23  12  18  14 -20  12 -23 -13 -11 -15  -2   5 -18   1  12 -11   2  -8 -10  -7  13  -4  28 -10   0   5 -11 -13 -12  -5  -2  10   1 -12  32  -7  13   4   1   4  -8   3 -14  20  -2 -10 -12  20 -25  21   5  15  -2   3  23  -1   9  -4   3  -1 -12  -1  -2   1 ]
[ -22  -6   5  13   2  22   4   1  19 -16  10 -13 -10  16  32  13   5  -6  10   9   7 -27 -19  -1   7  -7  17 -19 -15  12   1   1  13  32   1  -6  26 -10  -7  -4 -19  -3   2  -4  -5  26  15  10  14  13  19 -13 -18   1  -2   6  -4 -21   8  12  -5  10  14  13 -11  15  10  -3  -1  -2  -9 -26  11  -9   3 ]
[   7   9 -10   7  13 -20 -11  -3  -2 -13  -3  22  11 -30 -28  15   8 -14   1  22  16  -8  -3 -19   0  28   6 -23   9  -6 -15   1  -7  -9  12 -11  -1  -4  -4  20   2  -7  -5 -15   7  -5  -9  -1  -4 -23 -14   4   1   3  15  -3  -9  -7  18 -22 -17  19  14   0  14 -15 -21   2 -13  -5  -6  -1   3   6   2 ]
[  -1  -2 -10  -6  -1  27 -19  -9   1 -25   8 -10  13 -14  10   7  11  -4  -7   2   9  12 -31  -3   6  -4  19 -28 -22  -3  -3  -9  -5  -7  15 -19   6 -14  20   4 -12 -17  19  13  42  -3  -8  -4  -5  -4  27  13 -13  16 -21   2  -1   0   6   9  -5  10  -8   0  -4   6   6 -12  18  13   2   6  -9 -13   1 ]
[   8  -7  -2 -19 -13  -8   9  22 -16  21   6 -13   5  21 -13  -9  -2   0   7  -9 -43  16  13   1   4  -1 -12  23  15   6   6 -16   6  -3 -21  -9  15 -11   8 -10   6  -5 -23  19  21 -10  -7  -9 -12 -11  10   0  -3 -12  -9  14 -13   0   1   0  18  -2 -21   6 -12   5  20  -3  28  19  -3  11 -20   5 -15 ]
[ -15   6  -3   4   1 -11  -2  -2 -12  -4   1   6  -3   9   6 -23  22 -10   1  -6 -30  14  28  11 -14   3  -3  12  23   7 -12 -19 -24  12  -4   5   8   7  -7 -16  12 -11   0   4  -1  20 -10 -12   7 -23  -7  13  16 -27   3 -11 -14  22  -2 -18  11 -12   1  -3   1  14   2   9  24 -11  -5  22 -16   4 -17 ]
[ -23   1   5  -2  26  20 -18 -14   7   8  -4 -13 -11   9   9  14  -7   7  11  11  -6 -13   9  24  -7  16  -2  20   4  24 -10   6   6  -2  12  10   8  16  -6   6   1  -4  -1   1 -15  27   3   0 -23 -15   5   1 -27  -3  -7  13   9 -22  -8   3   4 -39  -1  -1  -3   7   1   7  23 -10  -6   4  10 -23  -2 ]
[  -3  10   6   8  13   4 -12  17 -11  20   4   4  14   0  10   1  -1 -20  10   8   0 -15  19   9 -23  24  14  24  13  10  -6  -2  -7  11   0   2  -2   8 -10 -10  -6  15  19  -3 -25   5  -2   3  12   3  -6   3 -20   0   2  20   6 -15  -6  -6   6 -48   1  -5   3  14 -30  11  10  -5 -11  -6  27 -23   3 ]
[  -5  -8 -16 -13   4 -18  -9   6  -9  -9  14  15  12   9 -11 -27  36  13   4  16  16  12 -15 -12   9  -9  -7   1  -8 -22  -4  10  -3 -23  17 -18  -8 -16  15   4   1  -8  -2  -5  15 -14 -24  12  14  -3  12 -13  22  17 -24  -6   2  29   7  -9  13  21   7 -20  -4  17   6  -4  17   8  26   4   1  10   6 ]
[  -1   2  26  -9   3 -12   6 -22   8 -15   1   2 -22  -9 -14 -29  -6 -11  -4  13  10  -4 -18   0  -9   2 -23  -5   2   0  16   9 -17  23  -7  14  -7  -7  -5  -3  -2 -19   5  26 -11  13  16  -2  -2 -17  37   6  -3   4  -8 -38  -2  -1   2  -6  14  -2  11  -7 -16 -10   9 -12  -2   4   3 -15   9  -5  -2 ]
[ -12  -8 -17 -10 -10   2  -6  -8  -7 -12 -17  -2  30   2  10  24 -10 -15   3  -2 -10 -27   2 -10  25   8   7 -10 -26   1 -16  19  15  11  -6   2   9   5   0  17 -16 -20   2  10  14  31  -1   1 -30  14   2 -18 -11 -12   5  33  12 -16  17  -2   0   0 -11  14  16   0   8   8   4   9 -13   6  11 -37  -9 ]
[   8  14 -11   3  -9   3  -9 -19   1   3  17  -8 -11  -5  -9 -26  -2  11   7  20 -18  11  21  -7 -14  -2  -3  -6  -8  39   5 -24  -8  -8  13  -1   6 -18  19  -6 -10  10  10 -20  17  -3 -24  -8  -3   3  10   8   0 -15   7   5  13  20   9 -22  -3   1 -20 -13 -11  25  -9  -2   6  -5  18  12 -23  10  -9 ]
[ -10   2   1  -5   1 -18  18  29   3 -24   2   6  -5  -7  11  -7  25  -8  19  18  -4  -2  -7   5  18  -3  -5 -13 -10 -23   4   9 -16   8 -20 -27  -4  -9   7  16 -39 -16  -5  -2  -1   1 -12  19  18 -11  16 -13  -1   2  -6  -4 -11   7   1 -19  10  30  -8   0   6 -12  -9  11  -2  12  -1   2 -12  17   0 ]
[  -5  12  11  29  -5  -8   3 -30  27 -15  -1  15  -5   3  -3 -26  19  14   0   3  23 -24 -12 -14  12  -5 -22 -25  17   3   2  11  -8   8  23  18 -12  -9 -13  12   3  19  23  -2 -25  23 -24   3   8 -17  -1 -22  14 -43  -5  -5  -1  22  10  11   5  17  17  -7   0   4   1  -1  -7   5 -18 -10 -12  -1   1 ]
[   1  -8  22   5  16   6  18  -8   1   4  -4   1  10  13  -3   3  19  -5  24  -3 -13 -37  14   8 -13  -8 -10   6  22 -13   8   0   6   2   9   9  -3   3   0   7 -31  -3  16  -2   1   7   5 -14   0  -6 -26  -5 -12   2 -11  26  14  -4 -26  22   7 -30  21   4  -5   5   3  -1  25  -2 -17   6   7 -19  14 ]
[ -29 -14   6 -10   4 -17  23 -21  13   1  -5  14 -11  29 -12 -12  26   4  -4  -5 -17  -6 -23   0   3   9 -22  15 -33   3   9  10  21   5  -7   1  -8  -8  11  -9 -14   2   1  12  13  11  -1  10 -32 -16   2  13 -18  11  -5  17  10  -4   6   3  18  -1  -4 -14   2  29  17   2  16   6  12 -18   0  20  28 ]
[ -16  -8  -9  -2  17  18 -16 -23 -15  11  -7 -11   4   5  -5  -8  33 -12 -12 -24 -19   2  -6  -5   6  29  -1  17 -19  -8 -15  21  16  -7  -3  -9   5   0  -2  -2   1 -11   1   5  10  12 -34  -3 -37 -25  14  -8 -12  10 -17  11 -16 -21  17 -17  18  -7   6  -6   4  19  -8  -8  13   7   8   1   9  -5   8 ]
[  10  23   7   9  -2  15  10  23   0   4 -18 -14 -25 -30  12 -15   5  19 -17 -21  -4  14 -29   1  -8 -35   8 -18   7 -30  15   0 -10  -3 -22   6 -26  -4   3   2  38 -10  -4  24  11 -27  -7   2   9  -2  18  16   5 -11  -5 -27 -17  30  18  -1   2  21  -8 -11   3  -3  -5  -8 -17  32 -16  19   1  37 -15 ]
[ -31  -9 -16  -4   8 -12  11  20 -11   7  -3   2 -27  21  25 -21   4 -12  14  11   4  -9   2   5  10   8   0 -23   8  18  -7   2  -2  21   7   6 -16  21 -18  -6   4  35   9   1  -9   2 -16  13  27   4 -18   6  -9 -32  17   6   3  27 -10 -34  15  -4 -14 -37  -1  28 -25  30   7 -20  18   7   3   6  11 ]
[   3  27   0   4  11  33 -21 -11  14  29  23  -6  -2   4   9  -5  -2  20  -9  22  22  29  -4  -4 -16  -8  -6  12   7  -9  11   5   4 -20  21 -10  -2 -21  17   2  -5   1   6  12 -16  -7 -15  12  -8   9  -4   5 -10  28   9   3 -11   0  17  -3  -2 -19 -17 -20 -13  17 -21  12 -17   1  -4   1  -9   2 -12 ]
[ -21  14 -10   2  -8 -10 -16 -10   0  -3 -14   4  -5  12   3 -33 -12  -9   6  -5  -6  10  19 -11  15   3  16  20  -9   5 -18   5  -8  15   6  19  23 -15  13 -12  -8 -16  30   5 -18  30 -14  22   2 -11  29 -22  -2   1  -3   2   8   2   6 -15   9 -15 -13   7 -10   6   2  -9  18 -19   6  -2  11 -37   0 ]
[   1 -27  14 -29   8  29  10 -10  19   6  12 -17   6  11  -4 -18  -2   2  -1  10  -2  -9   2 -14   1 -11   6  11 -24  15   4  25   1 -15   3  -3  -2 -24  13   7 -11 -26   1  35  18 -13 -15  -1 -36  38  14   0  -8   8   5  27  -5   8  -3 -13  17  -2 -16   0 -19  13  15  -2  13  18  23 -28  -9 -21  -2 ]
[   4  13  25  13  -4  -3  -9   6 -13 -18  12   8  27 -24  11  11  -3 -19  18  -3  21  -5   3  13   5 -10  19  -4  -7 -10   5  10   6   6 -12   4  -3  14 -13 -13 -24   2  25 -21 -21   5   7  21  10   4 -16 -28  13  13  -2  -5  -2 -17  23   8 -33  -9  45  -5   4 -14 -32  -1   4 -12 -14  -5  20 -25 -15 ]
[  13  24  10   5  10   5  17 -21   7  18 -20  24  -2   3  23 -18   9   9 -19 -24  -4   8  17   3   6 -24  -9  22  -1 -40  20   9   8  -7  -4   6 -13  -4 -15 -20   2 -18  27 -22 -19  11   1   7  -6   5 -12   9  15  -8   5   3 -27   3  11  -6  -8  -5   9 -14  -8  -7 -14  12   9  15 -14  11   9  30 -27 ]
[  -1  18  -6  10 -14  19  -1 -14   2  -5   1  -7 -18   8   6 -30  20  12   8  -8  14   9 -10 -12  17   5 -10 -17 -14 -13   5  -5  -1 -11  19   1   1 -14   6  -4  -8 -12  13  14  17  -3 -22 -29   1  11  29 -16   5 -19 -41  -8 -10  22  -1  17   7  -3  19   5 -12  -5  19  -7  25   9   8 -12  -8   1  -7 ]
[  -4 -12 -10   4 -11  51 -26  14  -5   7  21  -7  14  -6  19  -4  -7  25  -9  -6   9  18  -8   7 -31 -33  -1  11  13  10 -26  25 -18  -8   8  12  -1  10  -7 -13  24   3   5   1   6  15  12  21   0   3  15 -12   0 -30  -4 -12  22  19   4   8  -1 -10   3  -3  11  38  26   3   7   0  -3  25  -2 -21  19 ]
[   5  11 -21   5  -7 -11  13  17  17   0 -22  33 -18  -8 -29  -6  22 -23  13 -13  28  21  -6 -21 -13   6  13  23 -22   9 -19  -6  12 -34   4  25 -12  -6  -6   7 -17   2   5  -6  14 -34 -11   3   3  12   9   0  -2  19   6  16  -4  -3 -13  -5 -10 -22  -3 -14  -6 -20   0  -1 -19   3   5 -11  13  18  34 ]
[  24  11   8  -6  -3  -8  -7   0 -14   7  -4  -6   0 -12  18   0  10 -12 -17 -21   7  28 -32   5  13   2  18  12  -7 -10  11 -19 -17 -16  -8 -12 -12  -8   7 -15 -16  10  10 -11  -9 -19 -19 -12   5  10   6  11   1  19 -23  -7 -25  -2 -20  21 -12  -6  15  -5  -3 -39  -2 -17   9   6   2 -19  13   8 -24 ]
[  10 -25   7 -45  27  35 -34 -13  -3  31  32 -18  34  -7  10  32  15   4  17 -16 -18   2  25  -4  -6 -18   6  -4  -7  -3 -12  27  -3 -15  -1   3   3  28  -9  10   0 -14  13 -11  17  -2 -32  -5 -21  -2 -10  -8 -10 -14  10  16 -25  -3  10   1  12 -17  31   1  -4  21  -7  29   9 -17  -3  -9 -16 -17   6 ]
[   2  -5  11  13  20  -1  13 -11  10  11   7   8  -6  18 -16  -4 -16  14   9   6   7 -27   0  -8 -19  42 -21   9  32  12  28  -9  22   8   5  20  -9   5 -23  13  10  19 -15 -25  -5  10  24 -26 -25  12   8  17 -33 -25  -7  17   6   4 -12   3   0  17  11  12  -9 -17  25  18  20  -4   6 -25   8  10 -14 ]
[   5   3  -7  21 -25  18 -13  -5  11  10   0 -21  -4 -29 -16   3 -18   2  -7 -29  14  14 -11  -5  -1  10  29  -4   1  -9  -1   3  10 -34  -8  -6   7  12   1   3  23 -20   5  14   5  -5   7  25 -12  -5  -2  -9  15 -19  -8   3  -1  26   5   5 -19  37  -8  31  36 -25  -9  -1   1 -17 -18  -8 -16  -8  24 ]
[ -24   7  -7  -6   2  -6 -31 -15 -25 -19   4   6   7  -1  -6  -4  14 -32 -13 -10  -3 -12 -13   0   6  19  27  -9 -13   5 -33  -7   0  -5 -21 -12  21  26  -1   7  15 -32   8  -8  -3  32  21   2  -6   8 -13  -2  -5   1  14  -9   0  11  12  11 -23  11  43  14  10  -2   8   6  11  -8  -7   6  13 -14  15 ]
[   2  -2 -10  -5  28  10 -22 -15  -2   1   7   3   1  29   2  -9  12   5  10  12  29 -11  15   8   0   2 -23  29  21 -13  -1   3  -6   8   8  -7   3  -6 -14  -8 -13  24 -13  10   9  -6  13 -24  12   5  23   7  -6 -18 -37 -17  -5  11   2  -5   1 -40 -21  -5   0  39   1   0  16 -10  10  21  11  -1  24 ]
[  14 -15   2   4   4 -17  29  34  -3   9  -2   3   3   3  11  17 -29   6   0 -14 -24  21  -3  -7  28  -7  17  -6  -5 -23  13   3 -15  -2 -34  20 -11  -6   7 -18  -3  30   1   5  11  -6  14  11  15  10  -1  21  -8   1  28   2 -18 -18 -16  -8  11  -5 -14  -1  21   0  21  -5  -3  11  -2  -2  18   6 -16 ]
[ -14  26  16  -9  10   0  -6  -5  27  -6 -22  11   2   8 -11  10   5   8   7  -8   6 -18  10 -11   2  23  14  15 -10  11   9 -15  25  -6  -9  -9  18   0  -1  16   9 -20   5   4  -2 -17  -8  -5 -26  12  -8 -17  -5   7  -1  19  10  -2  23  11 -31 -13  -5   7 -12 -22 -24  -7 -20   7   3   4   4  -8  -2 ]
[ -13   8   8  11   0 -11  33  37 -26  20   4  26   7  18 -36 -31  12   7  20  10  -6   2  -3  17 -12  17 -20  17  15  32  -4  -8  20 -14  -5  10 -31  10 -13  15  18  22 -22 -23   1 -18   1  -2   4  -4  -6  -3  -6 -14  14  36  28  11   5 -22  15   0   8 -34 -11   7  -1  26  13  21   9  -2   1  21  -4 ]
[  18  13   4   7   0 -22  10  34  10  -1   0  10   0  -9   8   3  18   8 -24  -8   7  32 -10 -27 -15   4  16  16 -17 -31  17  18   2  -7 -28 -14 -13 -25  -8   6 -12  14 -10   0 -12 -20  -5  28  28  18   8 -10  18  36   0 -19 -12   1 -11  -4  13  -6  12   6  12 -15  -7 -16 -12   7   4 -18   3  21  17 ]
[  14  20   2  19  -1   7  11  20   5  -8  -3   7   2  -7  19  16 -15  38 -12   6   7  15 -13  26   0  19 -14   6 -40  -9   5  22  15   5 -31  -1 -14   5  17 -16  -2  28   2  -9  -4 -20   6  31   6   4  14   1 -14  15  -9   0  33   0  19   3   7   0 -13 -24  21   4 -16 -13  -1  19   7   1  13  19  15 ]
[   3  27  -2  20 -21  -4  -2 -22 -10   4   5 -13 -11  16  22   7  -7  -7  13 -13   4  20  -2 -13  -4 -12   8  12 -14   5   1   6  12  -3 -24  -3  -1  17 -22 -16   9  17  -1  -4 -22  -2  -4  13  16  18 -11  -4  13  26  15 -20 -19 -20  10   3  12 -25  12  16  -5 -17 -11 -16 -23 -16  -1 -17  22  -8 -18 ]
[  -4  22  27  28 -16  16  -2  -8  31  -2  29  -3   8   3 -15  -4   3  24  -2  -4 -11 -10   7  17 -20 -15 -30   5  27  21   0  15   4  -1   4   5   7 -28   6  19  24 -13 -14  19 -20  22  13  -6 -22 -14 -15   0   5  -1   9   3  27  10  42  13  17  27   2  14  -6  15  12  -4   0  13 -28 -10 -39   6  -7 ]
[   8   9  -3 -18  14  17  -7  22   5   4 -17   8  25  -8   8   8 -11  -9   3   1  12  -6   5  -9 -33  -7  -2  14  11 -39   2  12 -31   3  11  15  22  -9   9   1   9 -32   7  47   7 -13  37   6  13   3  30   0 -13  14  -5  -2  -9   5 -13  39  11 -26   6  17  -9 -10   7  -8   0  11 -27  37  32  -9 -11 ]
[   7  23   7  -1  11  15 -18   2   5   5  15 -15 -22 -13   3 -36  20  -9   8  -1  -1  -1 -13  -8  -1   3  24  10  -5 -15 -20  33  17   7  21   5  11 -17   4  19 -10  33   3 -17  -7  -2 -15  34 -14  -2  15  -4 -26  13 -34   4  -8  11  27   3   3   1  14  -5 -21  17  12 -10   5  -4  -8 -17  23  22   3 ]
[  16   4  -4 -27  -7 -14  15   6  -8  20  14  -1 -10   4   1  -6   5 -15  16  -6  -6  10  10   9  18  -3   2   2  -2   0 -11 -15  -4 -26  -7  -6  13  11 -10 -10   2  12  27   5   6 -25 -16   8   6  -8 -24  14  -4 -17  -6  19  -6  37 -11  12 -10  -9 -30 -22   2   3  -9   1   1 -10   7  22   8  14   0 ]
[  15 -20 -11  -4  20 -12 -27  -2  18   9 -22   6  -6 -11  17   6  13 -16 -16 -13  18 -29  37  -2  15  12 -21 -25  12 -17  -6  -2   9  16  28  14  11  -9 -31  34  24  -7 -14   0 -30  -8 -14 -20  32  11   9 -21  17  -4  -7  -4   9  -7 -15  15  19  15  18  20   0   3   1 -15 -20   7  -2   3  14   3 -17 ]
[  -4  19 -11  23  23  -5 -18  14  -6  -5  -7  -9 -11   7  -9  -3   2   2   0  -7  15  -2  -9 -19 -10  11  12   8  -1  -7 -20 -10   1   7  16   5  16 -23   5  -6  32  11 -10  -6   8 -10 -34  29 -11 -27  15 -18 -10   3 -10   1   5  -2  28  -6  -5   8  35  28 -10   2  -6  -9   5  -3   0   5   7   9  -2 ]
[  13 -12 -15 -39   5 -27 -13  -3 -18  13   8 -20   7 -16 -13   5 -40 -12  -6  15  21   8 -10 -30 -10 -11  14   1  26 -11  15   3 -26 -24   1 -10  -8  14  -1   8   4   5  -3   1  23 -32  -4  -3  -3  21   1   2   2  24   9   1  -6  20  -7  -5   6   1  -1  -6  -2  -3  -9   6   6  13   8  28  10 -18   5 ]
[  14 -15 -12 -15  15 -18  -1   2 -28  -3   4 -11  -4  15   0   9   3  -7 -14  -8 -24  28  -8  -2  21  -6  14  15  -3   2  17  10 -22 -10   4 -15  -2   1  18 -11   7   4 -12 -10   4 -10  -6  15  12  -6   4  -1  11   7  17   8 -12  -8  16 -11  25  -4   2 -12   9   4   0 -12   3  11   5  20   0   6   0 ]
[  17   5 -17   6 -13  -4 -14  18  17 -24  -1  32  25 -28  19  15 -12  16 -21 -12  16  10   2 -25 -24 -34  -7 -19  -4 -34  -4  22  -2   7   1   5 -16 -24  -1   5 -11 -30  -2 -11  29  18  -8  -7  12 -20  36  -8  27  15  10   1  -8  -8  10 -14  18  18   7   0 -12   4   0 -14 -29  25 -16   9   7  20   4 ]
[   5  26 -17  -3   6   5   7  -6   5  18 -15  19 -26  -3   5 -24 -14   3 -31 -18  12  -4   3 -13  36  29  17 -30 -29  -8 -15 -14 -18 -17  13 -15   0 -26   2  -4  -1 -13  25  11 -12   8   1   1   7  36 -15   4  -1  -4  18  -9   3   2  -5 -17 -10  -7   6   8  24 -10  -8  16  20 -15   4 -26  -2  21   6 ]
[  -8  -4 -12  30   6   8   1  14 -24  -4  10 -23  14  12  -1  -9  11 -15   1  -8   6 -15 -17  22   6  13  28  32  -3 -17 -16  29  11  -7 -38  -1   1  -3 -23  13   2  14  -9 -10   3  23  -7 -10  -6  26  21   0  -1  -1 -23   1 -16  15 -12 -25   2  -8  -5 -12  17   7  14   1  28  -3  -6   3   3  -8   2 ]
[  14   5   1  -4   9  12 -22 -44  -3   2  15 -16  12   7  -7  11 -15  15 -10   1   8 -10  13  19 -32  19 -15  12   9  -5   0  15 -17   1  10  24   1  11  24  -1   0  14  10  14  -7  19  31 -27  -2   9   9  11   3  27 -18 -20  31  14  -6  33  -1 -28  19   1   1  20 -13 -35  -9 -14   4  18  27 -16   0 ]
[ -10  10 -30   7  12   5  -2   3 -14   6 -22  -3  -2  -9   8  17  -7  19  27  25  14 -16 -22  16 -21  14  11   9  -6 -11   9  10  -3  -4  27 -50   1   9   8  10 -10 -36 -26  -4   0   8   4  13   3   1   1  -2  -7  32   0  18  31   2  15  10 -13  16  -4 -10  30   0  -3 -10   2   3  -2   2  13  13  -5 ]
[ -15  -4 -23  -2   9 -18  -6   6  -3 -12 -28  14   8  11  -1   2   0 -10   7  -6  25 -49   2 -34 -11 -17  -1  -4  -5 -14  -7  -1  23  18  25   8 -19 -14  21  -7   9  -6 -14   5 -12  -7 -24 -14   7  19 -16 -19   2   4 -15  30  22  12 -13  18   0  -8   3  10 -14  15  -7   5  -6  19  30  -5  22  12   4 ]
[   9   0 -13  15  -3  12 -14  13   8  -5   5  -2 -16  14  18 -23  15  17  20  26  26 -24  18   7   4 -36 -15  16 -11   4  11   5   7 -19  12 -19 -15 -19   8  -2 -15  -4   5 -19   2  19 -13  -3  24   1  15 -10   6  -9  -7  13  13  14 -18 -12   7   3 -18 -17  -4  11   7  15   6   5  12  20   0  14  20 ]
[  10   6  13  16  16 -10  -4 -11 -11  -9  -7  18  28 -25 -24   5  15 -10 -10   4  15 -11  11 -12   7  -6   2  26  14   2   3   0  -1  -5 -19  -7   5  -7 -21  19  22 -12  -2   2 -25   4 -32   6  -9 -17  36 -14   1 -18  14  33 -25 -26   0 -17  10   0 -16  11 -26 -12  -9   7 -18  25 -35  19  -1 -10 -28 ]
[  -5  26 -17  18   4  12  -4 -15  17  -4  -3 -11  12 -21   2  13 -17  25 -20   4  13   8 -12  32 -16   4  -7 -12  -5  15 -17   8 -32 -12   5   9   3  19   1  32   6   2  -2   8  -6  11  24 -20   6   2  -3  -1 -10  12  -7 -22  46   1 -12  10   6  -7  19   2   6 -15  -8  -4  -7   7 -14  10  -5 -23  18 ]
[   0  -7   7 -20  -6 -16   6  -8 -22  -6 -11 -11  22 -20 -22   6 -17  -3   3   6 -20  -3  -8  31 -26  26 -15   1  -3  40   9 -26  -5   4   9   0  12   9   1  20  -4  23  14   5  28  12 -10  -2 -18 -30  12  -4 -16 -11  -4  19  29 -17  -6  21  -1   8  -7 -18  13   9  -2 -19  36   4  -9  19 -12 -29   3 ]
[  -9  -5  32 -35 -18 -24   2 -12 -23 -13   8  -3 -11 -16 -13 -12  -3  11  21  20 -21  13  -2  12   0  -2 -12  -7 -32   2  14   9 -25 -12   2   2 -37  41  12 -10   2  14   7 -11   9 -16 -14   1 -10 -22   3  11   6   0 -31  -8  16  12 -12 -18  32 -39  -3 -34   1  10   1  -5  22 -10  15  40 -18  -2  -2 ]
[ -11 -15   1   6   2   4 -37   2   7  -8 -14  15   5  -5  -4 -11  25  -1 -13   9  14 -30   9 -10 -10  -3  17  15   6  25  10 -23   8 -16  20   1 -27  -8  28   4   6 -27   2  -7 -28 -11 -43  -7  20   7   9 -40  17 -23  -8  24   6   3  -7  -4  13  -3   2 -23   9 -16 -11 -11  11   8   9 -24  19 -23   4 ]
[   3  -8   4 -24  13  -6 -31 -43   2  -8  -9 -19   3 -13  15   3  -6 -48  27   4   0 -22   4  -7 -27  10  26  -8  24  10 -10 -14  -4   4  -3  -3  -4  20  13  30 -12 -20   1   0  -9   7   7  -2   9  14   3 -12 -10  13  11   3   8 -34  -4 -12   7   1  27  35  -4 -29 -20 -11 -21 -10  -1   5  17 -37  -3 ]
[  -5 -22   4 -19  12  -8 -21   4 -10 -28 -17  -9   7  -5 -15  -9   1 -30  32   1  -2  -8 -44   8  20  30  10  -5 -35 -17  -9   2 -36 -14  -7 -22  -3   5  19  -4 -27   0  14   1   6 -45   0   1  18  11  23   5  21  19 -27   0  -7  23 -11   0   5  -1   9   9  13 -21 -26 -35  -7   2   9  11  19 -19   1 ]
[   3  -8 -11   4  19 -10 -15  11  -1   1  21 -27   3   6 -13  17  11  48  -4   7   2 -17  31  12  30 -10 -19  -1  -1 -31  -4   7   2 -22  10 -18  12  -7   1   7  11  16 -11  -7   8  -3  -5 -13  12 -16  -7 -10   2   0 -27  -2  14 -12 -12  15   2  19 -28  13   2  41   4   4  -7  -4  10  13 -25   7  24 ]
[  26  -3  18  -3 -34  23  10  22 -22   3  30 -12  -1 -18 -14   4  -5  13 -10  -4 -24  35  32  -1   3 -26  11   9 -28  -6  -3  22 -43  19   3  10   5 -20   9 -19  -4 -19   7  -9  17   6  14   6   5  -2  14 -18  30 -21   5  -7   9   8  -8 -16 -10 -27   9  -2   1   7   7 -10  -6   9  -9   4 -10 -14   3 ]
[  -3   9  -8   7   3  10   5 -19   3   2 -15   0 -12  16  30  -9  14  -1  -7  -3  25 -22   5 -26   4  -4  -3  -9  -4 -26   1  15 -16   8  18 -14  22 -25  -2  12   0 -23  -1  17 -37   9   5  14  17   5 -19 -17   4  28   6 -17  -2  -7   2   6   3   8   5  41   5   4  -6 -21 -40 -11   3  12   6   1  11 ]
[ -35  13  10 -38   1 -13 -40 -14  17 -17  18   8   1  14 -12   6  -9   2  17  20  -1   4  -1   1  37   0 -10   6 -16   1  23   0   6   2 -21 -14  20   1  24  19   2 -31  -7  21   6   9  12   6  -9  -4  38 -32  23   0 -19   7   4   5  26  29  12 -18  17  11 -17  -5  18  11   4  -2   8   3   5  -2  -6 ]