[ -13  -6  -2   3  -4   6  15  -5   7   2  -6  -7 -12  -3 -14  11  10  12   0   5 -12  -5   0 -11   7   6   1  -3   4   1   5   0 -13   5   2   4  -9  -5  -2   2  -8  -3   9  10  18   0 -10   2   6  -3 -18  -7  -8  25  11  -2   1  24  11  -3  11 -11  -8  18   6   1 -10  13   7  -8 ]
[  -9  -1  -4   9   7   6  10   3 -19 -13   8  -3   5  14   2 -11   0  -1  11   3  -1  20   2   2  10   6 -13   9   5 -11  17  10  13   3   8 -21 -14  14   6  -1  -6  10  -1 -17   5  25  -5  11  20  12  14   4 -13 -11  -4  16  15   1   9  -6   5   5   6  -5  11  15  -1  -8   1  20 ]
[  39   0  -1   1  -2  -9  -3  -6 -15   7   7   2  13  -8  -5   7   0 -11  -6  -3   7 -10   9  17  -3 -18  21  -5  -4   0 -29  -6  -6  12   0   6  -5  -4  -9   0   9   6  -9  -7  -3 -15  12  -6 -13  -8  16  12   0 -10 -20 -10 -15 -11  11  13 -26 -10   8   8   1   2 -14 -12   1 -13 ]
[  -6   4   3  11  -9   3 -15   9  -3  13 -11  19  -6  12  26 -10 -12  -2   6 -11  -1   9 -32   2 -18  13   1  13  -4  -4   4 -14  -6 -11 -10  -7 -12  -4  15 -14   0 -11   7   8 -18   0  25  -8 -10   6   8  -1   5  -3  -2   5   4   7 -15   9  -7  27  -9 -16 -15 -12  12   7   5   2 ]
[   1  -4   5  -6   4   5 -16  -2  19   1   4  11  -3  -5  -9  -4   4  -7 -10   3  27 -18  21  -8  -7   1 -12  -5 -17  -8  -8   2  -5  -7 -11   9  15  -4   4   5  -5  -1   1  22   2  12 -15   0 -26  17  -9 -17  21   9  27   0   5 -14  -3 -13   8  17 -17   1 -15 -21   5  10 -12 -15 ]
[  -6  -7   4  18  -1   2  -6   1   1  -3   8   5  -1   8  -3   7  12   9  -2   1 -15  -9 -16  16  24   4   7  -5  -2 -13  20  -5  14  15   2  23 -20   3   4  14 -15  -5   7  -4   3  16 -20  -3  -1  17  15  -5 -14 -14  -5  10   1  13   0  11  18   1  -3  10  21  12   2  -5  11   7 ]
[  -3  -3  -6   0   5  11  16  -2  -2  12   4  -3  -8  -1 -20 -10 -12   1  20   3   7  11  -4   1 -17  15  17  10 -12  15  14  15  -8  -8 -11  -8   0  -3  11  -5  -5  16  -4  15   5  19   0  -4   8  11  -1  -6  12  11   3  -5  21  -3   5 -13 -20  21   6 -14   5 -14 -15   6   2   5 ]
[   9  -4 -27  -1  -2  -7  15   9  -7   8 -16   3  -5   0   6  -1   6 -13   1  -6   2   4 -12  16 -14  -4  -4  -2   8   3 -11   9  -6  18   9   5   7  16   1  -3  27   3   0 -21  18 -25  26  10  -3   6   7   9  -7  -4  -7  -3   0  10  24  -5   7  -9  13   0  -1   0 -11  -1  -4   6 ]
[ -11  18  20  -3  -5  -3   1 -13   0  -7  10  -1   4   1  20   8  -6  11   3   8  12  -8   5 -11  11   2 -13   3   0 -17   7 -14  15  -9   8   6  15   9   4  -3  18   4  -4   2 -18  -7  -7   4  -4 -26   8   9  11  -4   7  -6   3 -23  -8   3 -32  10  14 -12 -16   3   5 -12   1  10 ]
[   1  -8 -25   8   8 -11  28  -2  -6  17   2  -5 -15  -9  -4   3   0  -1   8  12  18   0   8   4 -21  -9   0  11  -1   3  -8   1 -14  18  13  24  16  10  -8   4   7   7   2  13  10   4  11   7 -10 -10 -16  18  21   8 -17 -21  15   6  20  -1 -31 -11  29  -6   5   0 -29   4  -4 -10 ]
[  18  -1  -2  18  -2  -2  -9  -4 -18   4   6  14   4   5   5  -4 -12 -24  11  -5   6   8 -13  29   1  -1   1  15 -24 -16 -13   9   7   1 -17   5 -17  22   2 -16  12   3   1 -10  -7  10   2  18  -7   9  24   4 -14  -6  13   5   8 -11  24 -18 -25  16   5  11 -24 -14 -23  -9  20  17 ]
[ -15   4  -5  11 -10   3   8   5  -2 -11 -22   0  -2  18  -3  -9   4  30  17  13   4  -1  -2  -6  11  10  -4   1   8 -12  17 -16  -6  -1  20 -10 -21 -20   8  -7  -4 -18  15  -3  -2   1  18  -7   2   3   8   1   2   6  -2  15 -13  28 -17  -1   8 -13  -1 -10  14   8  -9   8  26   8 ]
[   4  -5  16  -6  -2   5 -13  -8 -21 -23  22 -16  12  -4   6 -23  -6 -16 -12  20 -11  -8  13  -6  20   3 -10   8   1 -19   2   6  19 -12  -2  -2  -1   5  -5   8   9   4  12 -12 -27  25 -24  -9  13  12   6  -4  -6  -5  11  -2  13 -17 -12   6   2 -13  12  -3   4  -8  12   1 -12  15 ]
[  -3  -6   9  -2   8  -3 -16  19  13  -2   9  -3 -10 -12  -3  18  -3 -13  -7  -7   7  20  -5   7 -11   2  11  -4  -7  13 -12  -3  25  -1 -22   1  15  20 -11  12 -11  -2 -18  13   3  13   2   6  17  -6   4  -4   9 -18   1  -7   1 -22  18  -5 -13  26  20   0  -4  -1   9 -27  10  14 ]
[  10 -14  23   6  -6  29 -14   6  14 -13  -6   4  -6  -3  -6   0   9 -10 -12  -7 -11   8  -2   0  -5  14  15 -23  -2 -17 -10  -6  11  14  -6 -13 -22 -13  -6  23  -7  18  23   9   8  11 -14 -26  12  27   9  -9  -4   1  -7   6  -7   7  -5  -1  11   8 -11   9  12 -15  24   8   1  -8 ]
[ -20  23   0  -4   2  17  -3  -5  -2 -12  18 -16  14   6  -8 -11  -3  12  17 -11   4   2  -7 -16  17   4 -15   1   3  12  17   9 -15 -31 -12 -20   6  -1  13 -27 -13  -1   2  -2 -13   4  -1  15  19  10   2   4 -11   9   4   6   2  -6  -2 -20  12 -15 -22   0   5   0  -2  19  -4   8 ]
[  -8 -16   7   5   1  -5   4  -1  13  12  -6  -7  -9  -8 -18 -10  -6   1 -13   5  17 -11  10  -8 -22  -3  -1  19   8   7  17  -3  -3  -2 -12  -9  22   1  19  15   4   3   1   7  -4  21   6 -17  10   6  -5  -2  15   0  10  -6  10   8  10  -9 -10  22   8  -6  11   4   3 -10   5   2 ]
[  24  19   4   3  11   5  19  -3  -6  -2   8   5   5  -3  12   2  -5  -2  27 -14  19  12  18  -6 -19  -8 -11 -11  -3 -10  -3   9 -13  24  20  -4  13  15  10 -19  -4  34 -16  14  28   4  -7   5 -18  -6   2   7  16 -10 -22 -19  13  -9  -1  -5 -15   7   5 -21 -23  10   2   2 -20 -23 ]
[  -3  18   8 -23  -2   5 -16  -1  -7 -22   3 -24  12  10 -13  -1  11   3  -6  -2  22   1  19  -8  -1  -6  -9   8  13  -9  14 -13  25 -25   4 -19   5   6  -8 -10  14   3   5 -13 -13 -13  27   0  23  -7  14   3  -8   7  -8   1 -11 -10   2 -12  -1   1  20   0  14  15   6 -26   3  37 ]
[  27  10  11  -7  -4   1  10  25 -22 -34  16  -4   4 -10  10   9  10  -1 -10   0 -14  21  15 -17  -5  -3   2 -19  22   4 -37  -6 -14  -2  -4 -54  -8   0   7  -7   5   4  -7   9   0   1   0   0  24  -5   0 -13 -18 -15 -20 -13  -8 -17   2  11 -10 -15  -2  -5   6  23  14   2 -12 -11 ]
[  11  28   0   9  21 -13   3  -1   1   1  10  12   2  -4   3  20  26   2   3  -4  25 -28  11 -17  19 -16 -13 -16   7   3  -6  -9 -15   2 -14  -1  19   7  15   8  -2   0 -29  15  10 -12 -34  14 -13 -14  -3  -5   8 -11  11 -31  -1 -18   5   8  -9   1 -16  -2 -12  18  11   0 -25 -29 ]
[  14  12  -9 -19 -16  -8  11   6 -17  -2  12 -13  26 -15 -21  -6 -11  11   2   0  -1   0  25   9  -5   1   3   8 -12  21  14  17 -17   1  14   2  11 -17   2 -13  -8  27 -13  -5   4   7   0 -22   8  -4  -3   2   0   3 -12 -15   2   9 -14  -1  16 -24  -3   2  13  10 -18 -13 -12  -2 ]
[   6   3   0  14   3  -8  -1 -17  17  -6   7  12   4   7  -9  15   8   3 -14   6  18 -34  18  -1  16  -9  14  -3   1 -16   8   6  18   1  -2  14  -3   7 -13   1   7 -12  -3   1 -28 -30 -33   8 -10  -3  -2 -15 -24  10  13   3  -2 -20  -3  -2  -4  -8   0  15  10   6 -13  -2  -5   8 ]
[  10  23   1  10   1  14  -8 -14  -1   2 -17  11  -2   1  -7  -6 -11  -7  14  -8  -6  31  -6  18 -14  -5 -22  28  -2 -10  25   7  -1 -20  -8 -28 -11   0   6 -33   7  16  10   9  -7  22 -10   3   5 -25  -5   2 -11 -11 -11  -6   0  12 -28 -24 -19  16  -5 -10 -15   7   6   5  31   8 ]
[ -13  -9  10   5  -3 -20  11  18   2  -3  -6  -9   3   6  10  29  11  10  -1  -5   6  -3  -5  -4  19   3   2 -14   2   0   6 -10   0   2 -10 -14  14   3   5  -1   2 -24 -14 -26 -16 -22 -15   3  19 -22   3 -13 -14 -18  24   0  -8  -8  12  -7  13 -13   7   8  -5  11   3 -27  -2  26 ]
[  -1 -12  16   2  -6  -9   9  17  22  -6   0  23   2  -8   9   1  11  22 -12 -15   9 -28  25   4   1  -9  -2 -26  11   1  -6 -19   5   4  18  32  32  -9  10  29   8  -5  12  12  25   4  -2  -3 -19  10  12  11  24 -19   5   0 -13  -3  10 -18   0   0 -15   1   7  12  -7  -2   6 -16 ]
[  10  10   8 -14  -1 -31  -3   7 -17  12  -1   6  17   8  -2  13  11   9   4  -3 -12  -9 -10   9  16  10  -6   7 -13  16  -2  -8   1 -12 -15 -16  -9 -17  -5  23   3 -17  -8 -16 -35  -4 -13   8   0 -23   6 -11   4  -3  19  11 -12 -14 -30  14  -4   1 -14  -9  -7 -11  14  -8  -7  18 ]
[  -4  10  -2 -18 -11   5 -11   1   2 -15 -23 -14  11  15   6 -18 -13  -7   3  15  -2  -2   9  -9   8  -2 -12   4   8  -6  19  10   5   1  16 -19   0  14   4 -17  25  12 -16  -2  12  -8  27 -15  11   0  -1   3  -3   0   0  -9   5  -2   3   6  11  -8  21 -13  17   8   2  -9  -7  24 ]
[ -18   5   6  -5   6 -19 -15   7   0 -16   6  -9   0   4  10   6   2  13   2   0 -20  13 -16   3   1   2 -14   0   2  19  -1  -7  17 -29   1  -6 -18  -2 -13 -10 -20  -8  10  21   9  10  26   5  -4 -16 -18   9  -6  19 -23   3   1   1  -8  -4  -5 -13  -4  -4  17  22 -10   1  -5  17 ]
[  -2   0   3  -7 -11  -7  -7  -4  19  -3  25  -3  -4 -10   0  37  29  13 -25 -11  -4  -1   4   6   3  20  -4  -9  11   0  14  -8  24  -1  -1  22  13  -5  -6  -5   7   8 -22  -6  13 -28 -15  16 -10 -27 -11 -22 -14   9   1   8   5  -6   8   2  17  -1 -18   7   0  18  -1 -23  -5   3 ]
[ -15   7  11  -9   0  15   6 -29  21  35  21  -7  -4   7 -16  11  -6   9   3 -17  16 -18  18 -21 -21  -4  -3   4  -2   1  34  -9   5  -4   5  27  20  12 -10   5 -11  13 -23  31  -1   7   4  23 -20   4 -24   9  11  14  -6   3  10 -27   6   6  -8  13 -15   6  -1   8  -3  10 -17 -24 ]
[ -14  -3   3  -4 -11  -8  19   2  -9   5 -38  -3 -16 -16   8  11 -15  -3  -6 -11   8   3 -15 -16 -14  10 -18 -13  13   0 -10   1   2  19   4 -17  12  -5  10   6  22  -2  -5 -17  -1 -20  27 -32   8  -7  -6  -1   4   6  22   2   1  24 -10  23   9  -6   2  -8 -18  -6  28  -2 -13  12 ]
[ -24 -17 -13   4  15  13  16  -1   5   0  13 -22 -10   8   2   6  -4 -10  10   5  10   5  -1  -8   9  -8  -5 -28   6  -4  -3  22   3  19  16  -2  16  22  24  -8 -17   0 -17 -15   7  13  -4   2 -18  22  -6  -2 -10  -3  -1   7   3  -7   1   8  30  -2 -14  -8  -8  20   5  12 -22 -17 ]
[ -19 -10   1   3   3  -5  -1  -2   0  10   4 -29  11   2   8 -16 -15 -21  10   9  -4  -4 -14 -13  -2  18   3  -2   9  27  18   9  -1 -14 -10  -5  23  23  -8  -9  -5  -5 -13 -22 -16 -12  16   6   9   3 -28   7 -28  23  -3  -6  -3   4  11 -25   5 -26  -3 -11  -9 -14 -17   2  -9   5 ]
[  21   5  -1  -7 -11  24   4  -9 -16   5 -13  21   8  18  15   0 -20  -2  -2 -15   9   5 -18  11  13 -11  -8  -9  -6 -19 -18   2 -23  10   1 -15  -5  11   2 -19  33 -11  14 -18 -12 -16   6   4 -17  22  10 -10  -5 -17  -7  28 -12   5  15   6  -6  -5   2 -10  23 -31   5  19  -4   6 ]
[  -9   5  13  -2  -5   2   4  -2  25  15 -15   5  -8   1 -11  15  -1  32   4  -9 -16  -6 -39   4   2  -6   3 -11 -20   1  24 -13  14   2  -7   7  -7 -20  -2 -13  10 -17  23  14 -42 -12  -5 -17  -2   7 -12  -5   2  -1 -20  14  -5  -2 -30   5 -18  -9  -4 -14  19  -5   0  15  -9   7 ]
[ -23  26  -3   0 -19  12   7   0  -3  -2  -1  -5 -33   1 -16  30   4   9  -9  -3 -24   7 -41  -6   1  16   7 -12   4   0  10   8  -3   7 -22  -5  -7  -4  18  -5  13  15  -5   6  23  -9  -1 -14  13   7  21  -2 -15  -5  -2 -16  16  17   6  23   9   9  13   3  30   2   7  -4  -3   3 ]
[ -12  -6  15   4  -5  14 -19  -1  17  -1 -20 -13  -7   0  -1 -30  -9   0   2   3  -6  -3 -15  -1 -16  28  -3   0 -19  18   0 -16  -6 -26 -23  -8  -8 -18  12   1  29  11  19   6   3 -29  18 -32  36  17 -12  11  13  35   8 -14  -3  -4  11 -30 -11   1  -1  -5  20 -14  -9   7   6   6 ]
[   1 -18   0   4  23   3  -9  23  22 -23   7 -29  -7  17  -7  22   4  12   8  12  -7   9  19  -9  -1   7  10 -24   6   4  -4   2 -10  26   7 -18   5  -2  -6  -1 -26   0  -8   8  10  -9   3 -10  19  -9  -3 -14 -12   8 -26 -11 -13  -6 -17 -20  31 -26  17 -16  21  18  -9  -6  13   4 ]
[  36 -10  15  -7 -19   6  -5 -29 -10 -16  -1 -19  13  -4 -20   6  16   1  -5  18   8 -20  32  -9  14   8 -13 -40   1 -23 -12  -7  -1  20  19   4  -2 -10  -6 -19  14 -21  -1  11   1 -15   5 -16 -35 -16 -12 -10   6   3  13   7  -6  -1  10  11 -23 -17  10   0  -9 -10  -2  -2   2  -2 ]
[  -8  -3  -8  -9   7 -11   0  19 -33 -11  11 -14   7   8  12 -13   9  -6  10   9  23  -5  12  -7  12   2 -23  -2   2 -18   1   5  27  -7  17  -7  11   4 -14 -12  -5   1  14   7 -12  18   7  -4   7  -8 -11  -6   6   7  32   1  28 -10   9 -12   3  -6  12   1  -7   1  -8 -23 -31  31 ]
[ -14  14 -16  22  -3  25  12  -8 -20  24   0   5  -8  25  -6  -1  10  -5  31  -8  15  -3  -7   1  12  12  17 -15  -5  11  -9  -1  -4   2  -8   7  -1   2  -5   6  -5   0  -8  14  23  14  12  20 -37  10 -10   9   8  21  13  -2   5   7  33   5 -26   1 -14  -4   6 -10 -15   0  14 -26 ]
[   6  11  10 -10  -3   7 -13 -12   5   2  20 -39 -15 -10   5 -10 -15 -12   2  -5 -15  -2 -21  -6  14 -19  12  18  10  21  15  -5 -17 -19 -22  19  13 -10  -1  -5  -3  -5 -25   0 -17  11 -23  -4   7  -1 -30 -14   1 -20   1 -16   2 -10 -25  17  29 -14 -12   2 -12  -5  17  21  -4  -6 ]
[   5  -5   7   8 -21 -19  -2  -2  -6  -3   6  -7  -7 -17   1 -14  -7  -2   0  -7 -10 -13  -7 -13  13   5  -1  -7 -12  10   0   0 -34  11 -18  24  -1 -21  -5  17 -26  -8  -3   2  -9  -1 -18 -14  -7  13 -13   5  -4  11  14  -4   4  30 -18  10   4 -29   2  21 -28 -32   1   9   7   3 ]
[  10  -7  -7 -20  -6 -11  -3  18  -9 -25 -11 -28 -10  -1 -11   7  12 -18   2   8  -2   2   5  -2  -3   6  -4 -14 -17  11 -38  -5  -1 -23 -17 -18  -6  -2  -7  -1  21 -15  13  -8  -4   5  18  12 -27  10 -16   1   2  20   7  -4 -11  -6 -13   0  -6 -29  12   3  -1 -19 -19   3   0  19 ]
[   8  -4  -1  17 -13  27  -1  -6 -10   5  19   6  14   8  -2  -3  -6  12  17 -17  30   2  -5  12   7  13  -6 -10   7   6  20   4   4   3  11  -6  -1   7  18  -6 -20   1 -26 -17  19   7   9   8 -26  16  18   5  13  -7  -9  13  -1  -5   1  -1  20  -3 -19 -16  20  -5 -19  12  -6  12 ]
[   9 -11   7 -10  -4  -2 -10  18  -4   9  -8  -6   1   5  -2  -4  11   8   2   0 -16   3  -1   9 -27 -14   6  -1   0  -3 -18  -4  -6  -7  -1 -26 -19  -5 -15  16 -13  -6  30   2 -15  -4  24  14  -5 -10   3   4 -16 -11 -22   0 -19 -11 -24   9 -15 -17   5  13  20   0   4   6  11  -7 ]
[   4 -15  16  11  20   3  21 -26  11  11   6  18  -2  18  -2   9 -24 -10   5 -12   3  -4  16   3  32  -8  18  -4 -13  -4   1   7  19  -2   4  10 -17  -1 -27  30 -28  24 -27   3  14  24 -40   1   9  -6  -2   3  -7  16  10  -1  -2 -12  17  -3   1  -3 -24  12  -2  28 -11 -11 -13  -5 ]
[  26  16  19  11  11   2 -19   5 -12 -13  20   3  10  -2  -9 -37  18  13  12  -9  -6  -2  13  27 -13  -3  13   1   4   5  10  -9  -9  -6 -11  14 -13 -21  14  11 -12   8  23  -4   2  -6 -20  -6   9  32   3   4 -22  -6  -7   1 -13  -6  -5 -26  -8   3 -11   2   9   0   3   6  23   4 ]
[  17 -19   3  -3  -2   6  14  19  14  -2 -20  -3  -7  15   7   4  10  -9   7 -28   8  12   4 -14  -1   0  30  -5  18  -3   7 -13   5  11  -6 -19   1   0 -18   5  -6  -3 -15 -18  19  -7   6   2  25 -10   0 -13   7   4   8   3 -27  23 -10 -24  32   9  -2   8 -17  -3   2 -15   4   1 ]
[  -2  -5  -4  -5 -12 -13 -13   7   3 -18   5   0 -13  14  20  10  21   3 -15  -1   5   9 -13  -6  -5 -19  10  -9   6 -23  -9  -1   4  18   2  18  -5  13  -1   8  11  -2   5   5   0 -16   8   6  -6  -1  -1 -20 -11 -11 -11  -2   6 -15   0  19   5  14  20  18   8 -10   2   5 -19  12 ]
[  14   2  -1  12 -24  -9  27  16   1   8  -6  14  -7 -12   8  21  -2  13  -5  13  -6  -4 -25   5  -5  -6  10  16  -7  -7  16  -7 -12  36  25  10 -15  44  18  10  -5   4   2   8   7   3  -8  -5 -17  15  -4   3  -6   8   1  -3  -3  39  28   3   1  17   1  15   2  13 -28 -20   4   2 ]
[  26   8   6  -3   2  -3  -5  -2  -8 -31  -5   0  21 -14  -3 -15   2   3  -7  -1   6  -8  29 -10  19   7  -9   2 -15 -14 -20  -2   0   3  -3   4  25 -10 -17  -6   8  -4   8   2 -10  31  -4 -15 -14 -13   8  -1  39 -15  39   3   8   5  -1  -5   8 -24   0  -1 -28 -23   6  -4   1  23 ]
[  25   9  15   8   0   8   3  -5 -22   2  20   0   4   1  -7   6   7   5   5 -19  14  -8   8 -12  -8 -22   8 -17   9 -18   1 -11  -4  -6 -12   6  -3 -15  -2 -24  -1  13  -7  -4  10 -36 -17 -16   4  13   8  -1 -12   8  -1 -10  -2 -15  -2 -14   9   8 -17  10  11   4 -25 -12 -13 -20 ]
[  14  -6   2   5  -9 -15 -12   5 -21   7   1  -3   3  12 -20  14  -8  -7  -9 -13   2  11  18  21  -4  -1 -16   8  -6 -22  19   1   1  18   4   5 -26   0  18 -23 -15 -17 -12 -29  -6  15 -12   3  -5  15  15 -10 -21 -27   2  23  -4   2   2  11  22   3  -4  14 -13  24  19 -12  21  -4 ]
[  -1   5  -4 -12  20  -3   7   9  -1  -4   9 -24  -7 -17 -27  -3  -4   8  -2  -6  20 -11  10 -20   0 -20  22  -7   8  30  20  -1 -18 -21 -10 -22  21  -6   9   3  -9 -19  -3   6 -24   6 -10 -21  37  26   4 -16  13  13  20  -9  12   8   6 -25  17   5  -4   1   1  -3  13  12 -26   4 ]
[   8  -3   9  23   6  -3 -24   4 -23 -11  -2   2   8  -6  11   8  20  -9 -24  -5  -2   7  -5   7   5   1  -7  14   6 -15   3  -2  49 -10 -26   3  -4   4  -3  -3   7   6  17 -11 -17   6 -26   1  12  12 -10 -15  -7  -1  17   6  17  -3  25   0  33  -9 -11  29   9   8  11 -31 -10  30 ]
[   4  -7   1 -14 -10  -8   0   8   2  -8  19   4   2  -9  -2   0  -2 -19  -5   8 -15   8   4  28 -12  11  36 -12  -3   4  -6 -16  31   2  -2  35  -4 -18  -3  24  12  28  12  24  -8  14 -19  10   7   9  -5   9   7 -23   2 -20  15 -31   8   7 -13  -6  -8  22   6  -5   6 -12  -9   6 ]
[  16  -8 -27 -18   3  24  -8  11 -14 -10   2   8 -17 -16 -17   7  16  -1 -22  13   6 -15  10   1  28 -14  18 -32  -3  -2 -24 -20  -9  -1  -8  21  -6  -9  -3  34   7 -12  19  27  18   7  -8 -12 -13  35 -11  -5   8  -2   3  -1 -22 -23  -7   7  -2 -26   0  26  30  -8   7  20 -12 -13 ]
[  23  -2  24   5  -3 -28  13   7  -6   4 -29   4 -10 -15  10 -10   5  -8  -3  -2 -38  -8 -17   1 -28  -1  14 -11  22   3 -16   1  -2 -20  -9  -5 -19 -12   0  -2  27   5   3  -8  -4 -19   5  -4   7 -19  -6   9 -12   4  13  -8  -1   6  -3  -5 -15 -14 -17   1  -6 -15   4  21  -7 -20 ]
[ -19  27   4  -3 -11  12 -19  -1  18 -13  -2  18   6  -4   0  15   3   7  -8  14   2 -33  -4  -6  18   2  10 -10 -31 -17   1  -9 -14  -1   0  17 -30   8  15 -14   2  -7  10  19  -6 -26 -22   7 -47  21   2  -3 -21  21  12   8 -15  -6  -6  -2  15 -24  -3  19  -3  -8 -21  19  -4  19 ]
[  -7   5 -10  10 -10 -22  18  -6 -18  13  -2  13   2 -15 -19   9  -6  20  -3  -7  30 -10   8  28 -14 -18   4   6   2   6  34  -3 -25   1  22  24  -6  -9  27 -14  -4  -3   9   7  17   7  16 -14 -37   2  14  14   0  -5 -12 -12   2  15  18   1  -3   2  -5  -7  11   6 -34   6   3  11 ]
[ -16  13   7   8   3  -1   8  -4  -2 -16  29  -4   1   3   8   8   2  18   1   4  -8   2  -5 -16  22   2 -27  -5  19   4   5 -10  17  -5  -7 -12  21  37  31  -6 -14   2   0  -6   4   7 -30   8  17   7  -8  -8 -16   8   2  -6   1 -10   7 -26  29   8 -14   5  -9  24 -12   4   1  -6 ]
[  -2 -10  -8   5   4  24 -15 -14  31   8 -13   9  -6   5 -31  22 -17   2 -11   0  12 -14 -14  -5  -5  -7 -10 -19  -9 -10  -8   5  -2 -10 -11 -13   5 -16   4  -3   3 -22  18  -8 -17  -1 -14  17 -19  10   5  -2   6   8  28  25 -15   0 -18 -18  18   1 -14  10 -21   6  14  11  22 -18 ]
[  -6  24 -14   1  -1   2  -9 -21 -11   0  -6 -17 -13  11 -19   3  13   9  -6  19   3   3 -23  40   6  18  12  -8 -12  15   6   6  -3  -3  -1  12  -6 -12  -5 -12 -14  -6  -2 -13  25 -19   1  -9 -18   0   8 -13  -9  -8   8 -14 -12   2 -14   1  -5  22  26   3  11  -8  -4 -20  13   6 ]
[ -13  -4 -14 -10  12   0   2 -13  37   2 -24  21  -6  28 -22  -3  -6  12  13  15  18  21   6  -8 -29   8  14 -18 -17  -1  12  -1  13  -7 -11  -1  12 -28 -15   0   0 -15 -16   8 -24  -3   5 -18 -28   6 -30 -18  22 -15 -34   7   0 -12 -22   4 -19   4   6 -28   4  -4  21  -1 -12 -14 ]
[ -15  -5 -18  -9 -22   2   1   7 -22  14 -13   7   0  -7 -20  -3  -2  11   2   8  -2  -9  -1   1  -9  31  22  -5  -6  12  10  11  -2 -15  -2  -5  25 -17  11  -7   8  -8  -6 -20 -25 -18  20 -17  12   2  26  11  -6 -24   3  -1  -9  18   7  28 -20  23  16  -6   5 -13 -10 -16  20  18 ]
[  10 -12   5  15 -20   0  14  24   0  -7 -15  23  -6 -17  -8 -34  -2   6  -1  20  19 -32  24  -7  -5  -2  12   7  -1  -4 -37   5 -18  -1  15  -8   2  -3   7  -3   8  -3  13  17   2 -27   4 -36  -6  -1  -7   6   6   5  16 -32  -6  -6   6  -2 -16 -11   0   2   4  13 -13   7   1 -19 ]
[  -9 -16  -2  -4   2 -10   9  -3  12  12 -10   4 -19   4 -21 -17  -9 -19   6  15  -6  21 -14  -1 -23   5  -2  12  -6  17  -9  17 -17   6 -10   0 -13   7  -1   6 -13  12  15  23  15  -4   0  11  26  -1 -20   8   6  33   8  -6  -5  14  10 -14  -2   7   8  10 -16 -26  13   2  -8  -4 ]
[ -10   7  25   4 -13  13  13 -20  -5 -10 -14   4   9 -15 -19   8  16  11  -9  -7  16  23  33  14 -17  22 -15 -15  -4   6  25 -14  -2  -5  18 -18   8  -5  -1  12  -1  15   5 -15  33  14  -3   1 -15   6   3  -3  11  -6   9  26 -11   2   8 -17  24  22   6   1 -15  15   3 -12  14   7 ]