[   6   2   8  15  14  -1  11  18  -2   3  -5   1  -7   6   7  -4 -11  -8 -10 -14   4   7  -3   9   6  -6 -12  -1   6 -13   1  -6  -8  -6   6   1 -12 -14  -9   1   3   0  -1 -11 -19 ]
[  -8  -2   9 -11  -5  -5 -10  -1 -17  -1   6  -2   9  -6  -9   1  -6   0  -3  -2 -10  -3   7   1  -7  15  -2   2   0 -12  14  -7 -14  14   1  17   1  10   5  -6   0  -6 -12  21   5 ]
[  14  -8  -6  15   1   6   4  12  -6   2 -14   8 -18   2   5   1 -11   5  -5  -4  -6   3  11   2   8   4   5 -12   6   7  -7  -9  15 -19   0   5  -2  -6  10  12  -2   8   3 -14 -28 ]
[   1  -8  -5  -4   5   4 -10 -15   2  -1   1   5 -17  10  19  -6   8   9  -3  14 -19  -9  -8  -6   1  -5   6   0 -11   6   4   0  14 -20  -4   8   2 -17  16  -1 -10  12   9 -12  -6 ]
[  -3  13   0   8  10  12   8   4   0  12   7 -10   5 -23  -2  -3   2   2  20  -7  20   6  -6   2  -1 -16  -5  -8  -4   9  -6   8  -3  10  -6  -3  -7  -3 -14  13  12   2  11   6 -10 ]
[ -10 -16   4  -4  27   3 -14   5  -6  14  -1  -9 -10 -11  -9 -16  -7   5 -12   4 -10  -2  -1   5 -11   5   4   7  -7   5  15 -14   8  10  -1  17   0  -3  -6   4   0  -3  -3   1 -11 ]
[   4   7  10  11   1   3  -2   4  -4   1   8   2   9 -10 -12  17  -6  -3  14  -5   5   1   3  -8  14  -5  15  -1   8   3  19   1 -12   6   3  12  -7  26   0  22   0  -4   2  13 -11 ]
[   0  -7   2  -3 -12  -2   2   5  -2   4  -5   1   1  -2 -12  -9   6   5   0   8  14 -13  13   3  -2  -4  12  22   5   1 -16 -19  20   0   3  -4  26   6 -13   1  -7   1 -10  -2  -1 ]
[   2   2 -10  -9   6 -23 -23 -14   6  -4 -14   4  -5   6  -1   5  -9  -4  -6   7 -22  -3   8 -15 -18  10  13   4  18   1  22  -1 -10   1  -2   1 -11  18  16  -2 -18   4  -5   4   2 ]
[  -1 -25  -2  -2   8   1   3   1  -8   5   2  -3   0  -7 -13   0 -15  -1 -28  11  -3   5  -8  10 -13  25  10  -1 -10  -5  -3   0  11  -8   9  -1  -3 -13  11 -14  16   1 -14   6  14 ]
[  -4   0 -13   0 -18   2  17   0   1   3 -11   0   5  14   3   9   6  16  12   2   3   8   4   4  37   3   0 -12   6  13 -23   9   0   0  -2  -5   5   1 -12  10   7 -13   7   0   0 ]
[   7   5  -7  -5  13   0  15  -6 -10  20 -20  -3 -14 -23  -1  -9  -4  -4   3   5   6   1 -10   2  -7   1  -1  -3  12   1 -19 -24   3  14   0   9   2 -11  -6   6  11   2  -8   3  -6 ]
[   1 -11   7  24 -16   7  -7  -4   1 -14  16   4  13   5 -16  11   3  -5  -2  -8   9   0   2  -5   5 -14   8  -5  -2  -3  -8  -6  18   4   4 -19  18  -5  -8  -6   1   3   2  -1  13 ]
[   2   6   7 -12  -7  -6  -8   3   3  -5  -6  -2   9  -9  -8  -5  -7 -10 -21  23  10  -4  28   0 -20   6  -1  11   3  -4   4 -10  -6  -4  17   0  -2   8   9  -2   0   7  -7  11   7 ]
[  13   3   9   5  -5  11  14  -4 -15  -8   5  23  -1   0  -5   3   0 -11   9 -16  -9  -5  -7   2  -1  -1  15 -21  -4  -9   9  -8  12 -10  -5   1  -2  -6  14  16   5  15  -8  13   2 ]
[  -1  -9  -6   6  12   3  -2  11  -2   2  11  19  -2  -1 -20  -2  13   8   2   6   2 -14 -18   1 -16   7   4  12   0  12   1   7  24 -11   0  -9   1  -4   4   3  -2  13   0   4   8 ]
[  -5   3   8   5  -8  17 -10  -8  -9  -4  -8 -11  19  -8  11 -17  11  -4   3 -25   8  -1  10  -4  -2 -21 -16   8  -9 -20  -8   1 -12   9  -7   4   4 -22 -16 -16  -3   3  14   2 -14 ]
[  10   5   3   8   2   2   6   0   3 -15  19   7  -2  12  10  13   3   7 -13  18  -3  -3  -8   2  15 -13  -7  -6 -18  11  20   1  -3   1   7  -7 -20  -8  -1  -4   2  13  17 -16   9 ]
[ -11  -7   8  18   3   9 -16   1   3   7 -12 -13  15  -7 -18  10   4   2   8   2  -2 -16  -3   0  15  -9  12  13   5  16  -1  10  21  -5   3  -5  21  11 -16   5  -6   3   6   0 -18 ]
[  -4  13  -7  -5  -5  12   2 -10   7  -9   7   1  11  11   4  11  15  21  31  12  -9 -10 -25  17  20  -2 -12  -1 -18   7 -12  14   5   0 -19   6  -3 -10  -3  -1   2   5  13  -2  -3 ]
[   1   8  -2   3  13  11  -6   5  14  12  10 -17 -11  -9  -6  -4   6   1  15  13   1   9 -10  12 -25   7  -8  -6 -21  17 -26   5  18  12   2  -9  -3  10   4  -3  11   5   2   4   6 ]
[  11   6  -7  13  -1  -5   1  13  -3  -6   8  10  -1   8  -7  19  -2   2  16  -8   7 -10   4  17  21   8 -13  13  14   9  11  -7   2  -7 -10  11   8  15  -8  -6   7 -11  -3 -11 -22 ]
[   9   6 -28   4 -21 -14 -13  10   3  -4 -11  -2  -9   5   9  -9  -4  -3 -12 -10   8  -3  27   4   0  -3   3  -3  12   7 -11  -3  -1 -13  -2  -5   9   6  10  -2  -4 -17   8 -21  -8 ]
[ -14   0   0 -17   2   8   2  -4   5 -26   4   5  -1   6   7   9   5   0   0  10  -3  -8   2  10  -5  13 -20 -12 -17   4  20  15   7  -1   4  -2   0  12  10 -12  18   5  -2   9   6 ]
[   2  -6 -10   7  -9   7 -10  -6   8  -2  10  12   7  27   7   8  12  10  16  -2  -2  -2 -28   2  15 -11  -2  -5  -2 -16  -9   6   3   1  -3 -18  -7  -4   7  13 -14 -12  11   2   6 ]
[   0 -14  -8  -4  11 -10   3  -9 -15  12 -14   2  11   1 -24  14  -4  -9 -12  -2  12  -2 -21  18  -4   6  -2   3  10   6   1  13  -4   7  -6  -8  -1  -5 -16 -14   9 -14   2   1  22 ]
[   8  10   5   4  17   7  -7 -10  12   8  -7   2  -8 -10 -14   9   6 -22 -13  18   1  -1  -2 -14 -10 -12  10  18 -18   0   4   4  -3 -14  13  21 -12  -4  13  -5 -10   5   5 -17  -6 ]
[   5   6   2 -14  19  -2  23 -12 -17   4 -16   1   9   4   6  10   1 -10  14  -8   1   0   2   7 -14  11  -4  -3  14  -3   3  13  -2   3  -8   0 -18   3   6  -2   8  -8  -7  12 -12 ]
[  -4   5  -5  -5  18  11  -1   8  16  -5   3  10   8  -7  -2 -14   5   1 -12  -3 -10  -3  12 -15 -17 -12   4  -5 -15   0  -2  15  -4  -5 -15   7 -16   2  22  14  -5   1   4   0  -7 ]
[   1   2  -6  -4  -4  27  10 -11 -16   4   8  18   8  -5   4  -8  -4  11  11  -8   4 -13  15   0  -5  10  -2  13   4 -14  -5 -12   1   8 -12  13  -4   1  11   1   7   4 -15  11 -18 ]
[  -8  -2   6   0 -17  10  -3   4  -3  -8  15 -20   7   3  -2   4   0  -2  14   7   1  -1   2  -1   4   3   0 -19 -10 -16 -19   2  11   0   0   1  -7 -29   4  -5   4   2  -4  16  -6 ]
[  12   0   2 -18   6  -1   0 -13   1   4  19   5  16 -19   4  15  -1  -7   9   5   2  -4 -28  12   2   0   4   0 -17  -2  24   7  -8  -5   1  16  -6   7  30   2  16  -3  21   1   2 ]
[  13  -8  -1  10  11  15 -13   5  21   7  12  11  11   7 -11  -6  11   5 -11  -8   5  14  -7 -12   1  -2 -26  15  -4   2   1 -10  -6   8  -2   7   9  -7  -5 -10   9   5   8 -14  -8 ]
[  10  -1 -11   4  15  -1   3 -17   3   8  24  -7  -9   2 -12   3 -16 -17   2 -16   2   4   2   1 -13   1   6  -7  -5 -18  -6   8   3  -6 -19  -5 -16  -3  12  -3   8  -4   1  -8   6 ]
[   3  -5  -3 -11  14   4 -15  16 -12   2  -2   6  -4 -17 -14 -19  -9  -8 -14 -26   9   4  11   5  -5  16  -8  -9  -4   8  21  12  -2  11   0   1   2  22   6  21  11  -6  13   4 -22 ]
[   9  -1   4   0   7 -10  -5  11   5   4 -17   2  11   6 -13  19  -1 -20  -5   4  -1   7  18  -9   0   5 -13 -12  14 -16   4  10 -30  -7   3   6  -6   8   3  -1   5 -12 -10 -10   3 ]
[ -16   6   6  -5   0 -15  20   5   2   0   4  -3   1  -2 -19  -3 -12  -1   5   3   9  -3  -8  18   8  -3  -8  23  19 -14  12   0 -14  11  -2   4 -13  -4 -24   6  -6  25  -7  13 -11 ]
[ -23  -2 -23 -13  12   5   6  -8   0  12   1   8  -5  -6  -2   3  23  17  19 -10   6  -2  -4 -13   5 -22   7   2  26  11  10   6   3  19 -11  -9 -13  11  -8  14 -18  -5   2   4   4 ]
[   5 -19  -2  16 -10  -3   7 -12   1   8  10   7  -1   0  13  -5   7   4   7  -9   4  -1   5  -8  17  -5  -3  10  -3  -4  22   4 -25  -1  -2   8  -5 -14 -11 -28 -11  -4  -5  -8   3 ]
[  -4  13  -3  -5 -10   6  21  10 -17   3  17   2  -4   3  24  -9   3 -16  -1   1  11 -12 -18   5   0 -13  -4 -15  -4 -19  -1   6  14  -8  -1  -4   6 -27  -3  16  -8   2 -10 -12 -19 ]
[   9  -9   1  12  23  14 -11  22  16  -1   5  -3   9   2  -2   8  -8 -13  -5 -11  21  35  -6   8   3  -8 -12   6 -13  14  -4   0   6  12   7  -1  -5   4  -7   6   5  -5  14   5  -1 ]
[  12  -9  -3  -8   0  14 -18   0 -19 -19  -2  -1 -15  18  -2  -6  11   8  -8  -8 -14   9  12  -7  -3  11 -15  -9 -12   2   6  19   2   3   6  -7   4  -5  18 -20 -10   6  12  -2   8 ]
[   1   1 -17  14  -4  -9  -5   6  -9   1   4   8 -11  19  -6   7 -13   0  16  -7  -7   7  21 -14   3   4   1 -12  18 -11  22   4  -4   3  25 -20 -22  11 -10  15   9 -13 -16  21  10 ]
[   6  -7   0  18 -20  -6  21  -5   1  -5 -13  10  13   0   8   4  -5   6  -2  -5  -2  -3  17  -4  27   5  11  14  23  11  -1  13   6   9 -12  -4  15  17   6 -20   6  -6   1 -11 -16 ]
[  -2 -15  12  -6   6  -8  12  23 -16 -11   2  12 -23  -6   6   8 -17   9 -15 -20  -7  16  10  14  -9  12  -6 -19   1  -7   9  11   7   4  -9  -4   0  -5   4  -2  12   2 -11  13   6 ]