[   0   7  12   2   9  13  -3 -10  -8   0  -9   5  -1   6  11   4  -2   0 -11  18  -2 -10   1  18  -8  11   6   5 -19 -10   1   2 -15  -2 -26   5  -9   9   2 -16  -8  12   2  -3   5  -5   0   1 -15   6 ]
[  10   3   3 -11 -24  -1   8   0   9   7  -4   6   3   6  -7  -8  -4 -16 -11   2  -5  16  10  -8  -5   5   9   5  -9  -2  -6  -2  -6  17 -12  23  -3   5   9 -15 -16   4 -10 -11 -15  -4   6   2 -11  11 ]
[  -5  12  -1  -1   3  16   9   1  -4   9   7   0 -14 -23  -4   7 -10  -5  -4 -24  11  -1  -8  -4  -4 -22  -4   2   8  -3   3   8  12  -1   8 -11   6 -23  -9  -1  16  -4 -10   5   4   2 -22  -4  20  -9 ]
[  -4 -12   1  11  12   2   5  -4  13   4   7  -1  22   4  -3  -6   9   1   1  -2 -12  -6 -20   3  20 -10  -4 -11  10 -16  -4  -9  32  -6  -1 -11  18   3   2  13  24 -18   6  13   4   5   1  10   9   3 ]
[   4  -2 -24   6   6  -7 -14   3  -7  -3 -20  -6  -7   2 -16   4   6  18  -1   5  10   3   9  -9   4  14  -8   1  -7   5   6 -13 -26  -3  13  11   8  13 -18  -8 -11   8  -6  16   2  -8   9   2 -11 -13 ]
[   2   6  26  -7  -7  13  19  -7 -11   3   6   5  -6  -1   6 -15  -5 -15 -13  -4 -17  -2  -2 -12  18 -15  11   0  -2 -20 -13  11  14  14   5  -7 -12   3  11 -13  -1 -14   5   3  11   3 -22  11  -3   4 ]
[  13   0 -10  -5   8  -7 -23   1 -13  -4  -4  -1   4   9  15   9  -1   4   5  -7   3   9   1  32 -13   9  -2  23   8 -11   0  -2 -15  -8   6  -4 -13  11   1  18  11  23  13 -10  -4  -1   2   2  -4   7 ]
[  15  -3  17 -22   9  -1  -5  -2   2   7  -6  12 -10  -6   6 -27  -7  -9 -14  10  -1   0  -1  -1  -6 -27   9  28   5  -8  -6  -1   0   2   9   0  -2   7  20   6  -3   4  12 -15   6   1  -5  13 -16  14 ]
[ -19   8 -14   2  -6  11  10   3   2 -21  16   2   3   6  17   1   1   4  25 -15  13  -3   2 -12 -18   9 -18 -17  13  10  15  16  -9   0 -20 -28  -5 -28 -13  16   1   1   2  -6   0  -3  -8  -5  23   3 ]
[  -2  -1  -3  22  22   4 -17  -5 -24   9  -2  -4   3   0   3  -1   4   0 -24   7  11  -8 -11  27  -5 -19   0   7 -12 -37  10  -6  13  -9   8   6  -5  11   4   8   5   2  -5  -5   7 -21  -2   2 -21  -2 ]
[   1  -4   6  18   0 -10   3  -9   3   5   4  -3   4  12 -23   1   8  29  33 -17  -5  -7   8 -11  34   7   6 -17  14  24  -8   2 -10 -11   9   1   4   2 -18  -5  -7 -11   3  12  10   3  13  -5   8 -16 ]
[  -3  14  -2   5  11   8 -11   6 -27  15  13   6  -3  -9 -11 -14  -4  -7   6  -7  14   5  -5   8 -14 -33  -5  -2   3  -4   9  14  -1  -9  -8   8  -9 -15  -5  10  16  16   9  -9 -12 -15   6  18  -3  12 ]
[  16 -11 -18 -16  17  10 -11  12  35   7  -9  11   5   5   2  -1   3   6   2   5 -16   1  -5  -1   0   2 -19  16  -3   0   3   4   3   2  14 -26   3  14  -9  14  13  -7  -6  10  -2   2 -11   5   3   5 ]
[  -9   8  19   6  -2   0  13 -15 -19 -10  -1  -2  32   3   0  -3   7   1   7  -7 -12  -7   3 -17  21   2   0 -16   6   8   1  -5  23   4 -11  -5  12  -9 -11  14   5 -21  32   7  22  -3   0  -7  11  -1 ]
[   6   5   6 -13  -7  -8  -3   3 -20   4   3  -6  -5 -17   8  -4 -10   2  10  -4  11  17  10 -19  23 -11  -1   4   2  16  -8 -18  13  16  15  21 -10  -4  10   8   3  -8  21 -16   1  11  15  -3  16   6 ]
[  15  -1 -24 -15 -18 -10 -11   8  25   6 -25   7   0  -6 -12  20   8  16  14  17   5  -2  18 -15  -8   6 -11  13 -27  31   1 -18  -8  10   1  31  -3  17   5  -1  -4 -19   0   4  -2   2   1 -17   4  -5 ]
[  -7 -14  -1   3   8 -23 -21   2 -14 -12  -2  -2  -5  -6  -2 -22  18  -7  25   1  14 -12  -6  -1  15 -21  -4   7  24 -23 -13  -3   7 -13   5  -5 -12  11  14  26  19  -9  18  -5 -14  15  12  29  14  -3 ]
[  12   2  23  -2  -8  12  -6 -12 -15 -13   2  -3  16  -6  31  10   5 -19 -12 -12  -4 -17  -5  29  -3  27  14   7   7 -23   7  -1  27   0  -8 -17   0  17  -9  -2  11  -6  11  -6  -5  -7  -8  -5  11 -10 ]
[  -4  -9   0  -6   8 -10 -10 -13   3  -2 -16   9 -15  -1  14  -9  14   1   1   5  29  -4 -10   0  -1  -6   6  17  19  -4   7  -6 -14  11   8 -21 -16 -18  10   8   6   3  -2 -13  -5   7  -4   0  -5  -9 ]
[   0 -12 -24  23  11  11 -12  12   9   8  -6  -8   7  -4 -20  13   7   7  10  -7  -5  -6  12  11   4  -4 -16 -11   1 -24  -3   9  16  -5  -3  -1  13  11  -3  24  20 -15 -13   0   9 -11 -12 -30   8 -18 ]
[   0  -7   7 -21   0   0   8   1  -5   4  -5  -9  -8 -22  15 -19  -4 -11  -4   3  24  13   5 -27  19   3  10  11  14  14   6  -7 -20  20  28  -9  16  -5  -6  23  -4  -8  12  -7  12   7 -12  -4   5   7 ]
[ -10 -11   5  15 -21  -7   4  10  -2  18  -2   6 -18 -11  -3  -1   8 -16  33  -1  -4  -1   5   2  20   7   6 -27  -7  12  -4  18   1  -1  18  16 -11  -2   7 -21   4 -21  -7   4  -2   5 -10   3   4  -5 ]
[  -6   9 -20  -7 -10  -5  13  10   5 -10  11 -20   9   7   5   4   0  -8  13  -2  -4  15   5  -7  -3   4   1  -1  16  10   4   0 -15 -14  11  16  -5   8   1  24  19   2   0   3   8  12  15  10  19  15 ]
[   4   3   9 -39 -19  -3  -6  -5  -7  -9 -13   8   0  10  11  -5   6  -3   5  13  17 -10  -8  -4 -18  27  -1  27  -6  -6  -3 -26 -20  18   6  -5   7   9   2 -11 -15  11  12   7   8   0 -14  20 -19  12 ]
[   1  -3  -4 -18 -21 -15  -9   3  12   5 -21  28 -19 -10  -3   2 -11  15  14  23   1  -6  -8  -8   2  16  -4 -12 -16  28  -2 -16   6   8  11   5  -7  22   2 -25  -8 -21   2  12  -5  11  17   1 -10   0 ]
[   6  19  -2  -6  -7  -1   6  -7 -15   5  -9   1  13  26   5   2 -20   4  -9 -14   5   8 -16   3  19  15  -2  -9   3 -11 -15 -21   9  12   1   9  -5   9 -15 -27 -10  -3 -15  -7  12 -13  15  -7  -2 -13 ]
[   5   6  10 -14 -12  16  -4   6  14  -2 -13  24 -16  -6   0 -11  -9  24  15  -7  -6  -4  23 -13 -26  -6 -12  -6 -22  23  -4   8 -30  18 -22   0   3  16  -2 -12 -17 -17   5 -11   0 -10   6 -12   2  11 ]
[  -8   0  10  24  11 -16 -11   7  -4   9  -5   2  -7  -7   2   3   2  -3 -11  10   6   1   2  15 -17   4   8  -9 -39  18   6  14 -15   0  12   8  -9 -20   5 -12  12  12 -11   1  -2 -24 -10 -19 -22   4 ]
[  -4   0 -24   8 -15 -12   4   9   0 -10  -2 -15   5  -4 -11 -11  17 -20  -1   1 -12  17   5 -17  -1 -12  -4  12   1   1  -7   0   0  -3  19  13  -3  10  -6  15 -16  -6  21  29 -10  19  -2   8  -2  -1 ]
[  -8   0  -7  10   3  -2 -14   5  -1   1  26  17  -2 -36   6   5  -4 -26   3  -7   8   4 -19  27   3  -6  -4   1  -3 -16  -2  -3  24 -10  -3   0 -14 -10   3  13  34  -9   7   8 -15  27 -14  -8   7  20 ]
[  11   7   6  -5  -5   6   0 -13 -11   4  -8 -13  -5  18  17  15   1 -12  -2  22  15 -24 -13  12   9  15  18   3 -14 -10  22   8  -1   7   1  12 -17  10  13  -2   1 -22   0  -4   4  -5 -10   1  10 -12 ]
[  -4   3  -9  -6  -2 -22   5  -2  -8 -14  -3   4  -8  -6   5  -7  10   1  -6  -8   7  -5 -12 -25  -6 -20  12  -6  -1   3  16  -6  17  -5   3  14  -4   4  29  21 -11 -30   9 -21   8   6  17   7  13   6 ]
[  -8 -16 -17  18  19   8  -8   4   7   8 -18  25  -5   5   2  11  13  12  10 -15  -7  -4 -10  19  16   4   5 -21   5 -22   0  -4 -11   1  -8  -1  -3   6 -14  -1  11 -13 -19 -25 -17  -1  17   8  -2  -8 ]
[  14   4 -12   1   9   8  -3  -5   2  35  -9  12  24   1 -10 -14  -4 -14 -28  -1 -10  21 -13  10  12 -11  13   7   2  11  -6  20   4   5  10   3   0  15 -18   5  12  -2   6  16  26   5 -13   3 -20  -6 ]
[  10   6  -8  11   8 -11 -14  -1  13  -1  24  11   6  10 -11  -5  14  17  11 -25 -18   8  -1  11  -1  -4 -15  14  -1 -11  10   0  17 -24  -3  14 -13  -2  11  16   2   0  16 -14 -18 -13  -6   5   9  19 ]
[  -9  21  24   1  -5  -3  10   5  -4 -15   7  -8   6  20   4  26   8   4   8 -19  -8  -9  13   6  -6  -1  -3  15  29 -14 -15  -6 -21 -16 -13 -13   7  -1  -5 -15 -12  19 -17   9   4  15   1   8  14 -11 ]
[   8   8 -12  16  10  -3  18   0  -2  -2  11  -9   5   3 -15 -12  15   2   5 -15   1  -8  15   6 -16  14   8 -17 -27  23   4   5 -23 -15 -13  14  -2   1 -16 -22 -22  11 -15  17  -3 -21  16  13  -4   1 ]
[   1   6 -31  -3 -22   0  22  -9  14  -4   1  -5  -9  11  11  26   4   1 -10   6 -12   6  21  -3   0  -3  13   1   5  14  -8   0 -16  34  10   6 -11  -3   2 -11  13 -11   0  27  -1  30  -3  -3   2  -5 ]
[  -3  13 -18 -10  -1   7  10  -1   3 -24   2  -2   5  10  -3  -4   2   6   4  -4   1   5   5 -19 -35  -9   7  17   1   7   6 -11  10 -15   3  12  13 -14  -4  12 -23   9   3 -13  22  -3 -14  -7  10 -25 ]
[ -17  -5  11  -1   3   6 -15  -1   4 -11  15   5  17   7   7  32   5  16 -14   8 -13  -1  -5  16 -17  24   5  -7  -6   7  35  10  24 -19  -2 -18  -4  18 -19   4 -22  -3  -8   3  17  -5  23 -26  -1 -11 ]
[ -18  13  -1  -7  -3   7   6  27   2  15  10 -14 -19   4  12  -8 -16 -23   3 -10  -2  16  11  -7  -3   8 -12   4   4 -33 -17  32  12  18   7  -4 -42   6   4  -7  11  11 -10 -10  10  12 -12  -3   6  -6 ]
[   4  -3  26  -2 -32   2   9  -5  12   8  -5  -6   7  11 -18  12  26   1  10  -2  18  -5   7 -12   1  -7   5  18  14   0  -4  11   5   6  24   0  -9  -2  11  -2 -21  -2  -9  14 -18  -1 -19 -16  -4 -14 ]
[  -5   5   8   7 -23   3  -9  13 -15 -10  -1   4  16  21   9 -14   8 -20  13  21 -11 -10  28 -11 -15  20 -20  -3  -1   5  13  10  -1   3 -16  25 -15   5   4   5 -22  -2  -2 -20   7 -23   8  -2  19 -15 ]
[  21  15  12 -14  -3  -6   1  20 -22  -1  -4   5 -15  -2 -10 -16  -4 -19   2  -1  -4 -11  15 -17   7   7  -4 -10   8  29  -6  25  16   6   7  -2  -6 -23  -3  -5  -9  13  15   0  15  13   1 -22  13 -15 ]
[  15  -3  -5 -10   7   5 -13 -13 -17 -26 -13 -21  32  12 -11 -12  -3   0 -11  12 -15  -6   3   7  24  26  -1  -3 -12 -18  -2 -16   9 -11 -16   8  20   9  -1 -13  -1   7   0  13  10  13   1   7   5  -6 ]
[   2  10  -4   8 -12  -8   9 -12  -5  -6 -24  -2 -32  -3   3  -8 -11 -14  -2 -19  -7 -10  13  -3   3  15  33 -22  -9 -17  18  23   4  -2   1   1 -13   0  -2 -15  -3   3 -27   0  -8  -1  -9   3  -2 -18 ]
[ -13   1  12  -2   2   0  -7  -7 -13  18  17  -2   8   7  -6  -4  -7 -23 -16 -14  10  -6  -1  13   6  -4  17   8  22  -9  -3  17  25 -11   6  11  15  -3   5  37  -7  -8   8  -4  14   5  11 -24  -3  -4 ]
[  10   7 -11  -5  -6   6  20  18 -19   5   9  -7 -41 -10  27  19 -29  -5   2  -7 -13  11   0  18   2  -5 -15  21  -2   6 -13   8   9   2  25 -10 -21   4 -24 -14   0  12  -8   1 -17  12  16   5  19  -3 ]
[ -18  19  -5   5 -14  -2 -12  -6 -17   6  -3 -15   6   2  17  23 -11 -17 -21  -6  33 -10  -8   9  -2  -1 -11  10 -12 -23   0  -1  -2  14  -3   9   3  13  11  -9 -14  22 -19 -17  -7   1 -11   8  18   0 ]
[  14  16 -26 -19  -1   9   5  -3  31   6  16  -9  14  -5 -14 -16  11 -21   1  -4  -5   8   2   0   1  -4  -7  20   0 -26 -13  -7   6   0 -25   9  18 -12  12  31   4  -3   2 -24  -1  18  -6  -9  13   1 ]