[  -5 -13   4  10   9   1  -3   2  14   2  -2 -10   0 -10 -24   8   3   3  -7  -1   2   5  12  -9  -7   0   8 -11 -13 -21   1  -6  18   2  -5 -13  15   2  -3   4  -8   3  -1   5  -5   1  -1 ]
[  12   0  -4  -2  -5  -5  -3  -3  12  22  -7  -4  -4  -1  -3  16   9  22   6   5   8   1   6  10   6  -5   8   3 -16 -20  -5  -1  -1  18   5 -15  13  14  -8   5  -6   3  -3  14  12  -7  10 ]
[  -8  -9   7  -5 -16  13  -3  -3   3  -4  -2  -2  -1  -9   6 -16 -17  -4  -4   8   8   4  22  -9  -5  -1   2  -2  -2   3  -7   6   3 -27   3   2  -6   2  17  10   9  -8  -4 -20 -12   4 -15 ]
[  -4 -10  10   3 -13  -7  12   7 -25 -12   6   6  10  -5  16  -8 -11 -13  -5   5  14  11 -11   6  -8   1  15  -6  -6   1   2  17  -2 -10  -2  11   2  11   7  10  20  -3   4 -15  -2   6  -5 ]
[   9  -8   1   2 -15   8 -14   2  14   2  -8  -4  -8  -5 -34  -5 -10 -12 -11  10   6 -17  13 -22 -15  -6  -1  10  -1   3  -3   3  11 -14 -10  -2  -3  -4  15   0 -13  -7  -2  -7 -22  -9  -6 ]
[ -26  -9  -1   4  15  19   3  -1   0  -8   1  -3  -3  -9 -16   0  -4  12  -3  10 -14   4  26  -6   1  16  -7 -14  19   2 -21  -9  13  -4  -8 -12  -4   5  20   8   4   8   3 -18   0   7  -5 ]
[  -8   3  14  -3   8  -8   2   9  -6 -11  -7   5  -4   2  10   8   8  -8   5  -9  -5  12 -22   6  24  -1 -10  12  -6   9   7 -10 -14   3  -2   1 -19 -22  -2  -5   4 -11   9  16  17  -8 -11 ]
[  16  -8  -2  11  -4  11  10  -1   1   0 -16 -12   3 -10   1   4 -16  -3  -9   7   0   0  -4  -9 -20   6  -2  -2   0 -15 -24   7   9   9   5  -6   6  30   5  -3   0 -11  -5  -8 -17   3  10 ]
[  21 -11   0  10   4  -5   9   1  -3  12   4  -1   1   0  -6  12 -18  -1   6   7  -3  14 -12  -6  -1   5  -3  -7 -13 -15  -6 -10   2  27   3  -4  15  30  13  13  -4   2   3 -14   9   0  15 ]
[ -16  16 -11  12   5 -12   3   1  -7  -1  -2  -1  22 -12  12 -20  -2 -18  -7 -21  -5   6   2  10   1   3  12  -3  15  -4  10   2   6 -21  20   5  -4 -16 -15  10   4  -6 -13  -2  -8  11  -9 ]
[ -10  -7   6  14   4  19   7   5  20 -28  -2 -21  -3  -8   0   3   6  -4  -6   6  -5  11   7   8  -8  -7   1 -11   7   2  11 -13  -2  -8  -4  -6   0   1 -19 -23   5  -1   6  11  -2  17 -11 ]
[   0 -15  -7  21  -4 -24  -9  12  -3  -6   5   2  12 -10 -27  13  -8  -4  10   2  -2   9  -8  15  12   1  13   8 -21 -13  15  -9   5  18  10   3  12  19  -6  -5  -2   0  -1   1  -2   0  -2 ]
[  -3   4  -3 -15  -2  16  10 -14   4  22  -1  11  -6   0  25  -7  23  19   8  -6   0 -11  15   4   6 -10  13  12   4   5 -14   8   9 -17   2  -7   0  -1  -8  15   3   5 -20  -4   6  -9  22 ]
[   6   3   6   4  17  -9 -20   4  12   0   0   8  -4  10 -14  15   3  -7  17 -17 -13 -14   9 -15   5  11 -17  27 -19 -12   5  -4  -8  15  -3 -12  10  -9   1   4  -8  -1   5  17  -4 -12  -6 ]
[ -13  13  -2   3   8   0  -4  -1   3  -7 -15  -5   0   2  18   4 -23  -5   2 -20  -5   5  19 -24  -2   1 -14 -18  -4   4  -3  13  -1  -1   7   1  -7  -6   9  12   6 -15  13  -8   2  -1  -7 ]
[   8   6  -6 -10   4   3  -4   1   4  -9   0   5 -18   0   5   7   5 -13  19  -4 -16 -25  -1   4 -11  -7   5   6   5  13  21  -2  -7  20  -7  13  10   7  -9 -17  -5   0   9   0  17 -11  -2 ]
[   7  -1   4   2   3  10  -4   4  -7 -13  -5   2   2   6   7   5  -9   7  22   6   6   8   0 -13   4  18  -9  -1 -27 -11 -27  24  -2  -1   2   9  -7  19   9  11  24  -4  25 -20  -3  -5   7 ]
[  -9  -2 -10   7  -2   5 -25  15  17  -5  12 -12   5   5  -6 -13 -10   4  -8  -6   5  14   8 -10 -11   6   3 -33 -14 -10  -6  -2  13 -11  22  11   3  -3  -5   5  10  -6  -5 -18  -7  20   2 ]
[   5 -18  16  -4  -2  -2  -1  14   6   6   8  -3   1  -2   4  34   8   5 -26  -4  14   8 -10  -2  -9  -6  12 -17  -6 -16  -8  11   5  21  -2 -13  -8  15  -1 -12  -3   0  -1  14  15   1   5 ]
[   3  12 -19  10   9  10 -11  -5   1   8   6  -5  -4  -7 -17 -12 -25 -11   3  -5  -1   0  10   0 -14   0   3   0  -9  -2  18 -13   9  -3   4  15  22  -5   5   6 -17  -4  12   8 -13  -5 -16 ]
[  -8   7  -6 -10  -2   2   8 -18  -5 -11   6  12  15 -10  29  -2  15  10  -9   7  -9 -18   6  -1  16  -1  -4  -4  24   3  -3  -4  14   1  17  -1  -6  12   0 -17  -7   2 -20  -1  -1   2  10 ]
[  -1   4   1   5   3  13  -1  -5   0 -14  22  -4   5   8 -11  -3   8 -28   3   3  -7  -6  -2  -3  11   4  -7   1   1 -11  17   5  -3  -4   2  -8  -6  -1  -2   2  -3   3  27  14  -2  -4 -19 ]
[  -5 -12  13 -27  -5   3  10 -10  -6  19  16  21   8  10   6  -3   7   6 -11  -3  -3   1  -8  -7  18 -16  -8   2  -8   8   8   8   2   0  -6  13  -6   7   7   6  -4  11  -4   0   3  -5 -19 ]
[  -6   1  19   4  22 -16   7   8  -2  14   8  13  -3   2   8 -13  10 -11 -11 -11  -6   2   4   3 -16 -13  23   2  -8  -2   8   6  22   7 -18   3  26  -7 -18  19  10   4 -10  17  -2   0  -2 ]
[  22  -2   2 -12  -8  -5   5 -11  -7  11 -11  -2  -1 -11 -13   4   8  -9  14   1  15  12 -24   0   7  10  12  -2  -7  -8  -2   0  -5  -7   5 -10  -2   3   0  16  -4  -3   0   1  17  -2 -25 ]
[  -3 -17   5  -8  11 -15   0   9   9  21  -5   6   2   0 -11  -1  12  -9  -6 -14   1 -18 -10 -13  14  -2  11  -2  -5 -14  10 -16   6   3   7 -11  16 -24   5  15 -19  -4   7 -12  28 -13   6 ]
[   1  -8   5   8   3 -15  -8  -2  -3   9  -1  -1   5  -6  -2  -1   1   0 -16  17   0  -3   1  -2   7  -4  -1  -9   8 -12 -11  19   3  22   7 -20  28  30   3   9   3 -14   3  -1  -1  16  -4 ]
[ -15   1 -12 -11 -11   4 -14 -12  -8  -1  18  -2  -8  -6  -5  -8   8  11   0 -19  -2 -12  25   2 -16  17 -12  -4  12 -12 -13  11   1  -5  -5 -17  23  -1   5  -3  -4  -1  -8  16  -1  11 -11 ]
[ -18  -6   4  -4   1   4   4  20  -6 -34   0  -8   8   7  -4  -8   4  -6 -11   9 -24   5 -22   1  10  -4   3  -8  15  -6   9 -27 -14   8   2  -2   2 -11   2   2   5   3   0  -7  -7  10   4 ]
[   0   1  13   4   7  -9   7   7 -14  16   5  14  17  -7   8   9  -4  29  -6  -5   1  14   8   8  -2  -4   6  -6 -19 -12  -9   0  -9   0   2  -8 -14   5   2  32   8  21  -3  -6   4   3  -7 ]
[ -20   5   9   5  10  11  10  -2   3  -2  14  -5 -12  19  -1 -10  -6 -21 -13  -2 -14  15  -5   8   1   8  -9  12  -4  -5   0  -3   6  -5   5  11 -23  -2   3  -7   2   8  -8   8   5  -3  -3 ]
[ -13  -5 -17   6  -8  -1  22  -3   7  16  -2  -8  13   1   1  -5   8  15   2  11   5  17  14  -9   5  -6   8   4  -4  -3 -12   3  26 -10   6 -31  22  12  -5  32  13  -6   3   7  16   1  15 ]
[ -15   1  14 -15   0  -7  19 -13 -10  -2   3  -9 -11   6   9   0  14  -2  -5   3  -8   5  22  -8 -22 -25   7   4   3  -5   3  25  12  -4 -18  -5  34  -5 -14   1   1   6  -1   4  -9   8  16 ]
[  -7   4  -4   0  -9 -11  -2   9  -9  -3  11  17  -8   5   2  -6 -28  -8  -1   1   2  14  -8   4  -3   0 -12 -14  17  24  19   6   1   7 -14  11  -2  -6   0  -1  13  -3  -7  -3  20   4   9 ]
[ -12  -9   9  -3   9   5  26   5   5  -6 -12  -4  10   3  30   6  17   1  -1   8   7   0  18  -9 -14   3   0  -3   2  -1  -2  -2   0  -8  -9  -2 -18  10 -16  11  18  -2  16 -21  -1   9   1 ]
[   0   4   0  13   1   8   3   1  23 -14   7  -3   1   9  13  -5  -7   4  16  -2   0  -7  24   1 -16   4  -4   6 -13   2 -14  -4  -1  -4   9  -1 -16  -3 -14 -15  -3 -20  11  -4 -16   7   7 ]
[  24   4  17  14  -8  -7  25  12  -7  -7   1  -9   7  -4 -14  -2  -5 -28 -14   2  10 -13   5  -5   1   7   5  -6  10  -8  21  -4  -2 -12  -1   3   5 -11   0  -9  -7   7  10  -7   9  -7   8 ]
[   3   3 -13  19   8   6  18 -10 -15 -13   3  -4   2   3  27  -8 -11 -19   3 -15 -18   5  -4 -13  13  16 -20   6  -3  19   5 -15  -9 -17  24 -12  10  -4   5   4  -9   1 -17   8  -8  -8   0 ]
[ -30  -5   9  16  12  -5  13  -2 -21  -7 -14   7  -9 -11  -1   4   4   0   6   5  -3  12 -22   0   9   5   3  -2  14  17  -6  -8  27   7  -8 -16   6 -21   2 -19  -3  -7  -5   1  19   9   5 ]
[  -7  26 -16  -2   2  -6 -14 -10  10  18   3 -14   1   7 -14  -6   2   7  -2  -8   4   4  16  -4   2 -17  -7  -1 -14   9  18  11   0  -4   0 -13   6  -3   0  -3  11   8  -3  13 -22   4  -9 ]
[   3  22  -3 -25  -2  -2  -6  -4 -13   1  16  23   3  -5   8  12   3 -10   4  18  18  -8   3   3 -34  12   2  -8   7   3 -12  13  -6  13  -6   0  11   9   3  18   5  15   9   3   6  -1   2 ]
[  10 -14  18 -15   0  -8   3   7   5  16  -3  -6  -4  13 -13  -6   6  13  -2   7  20  12   6 -13 -17   5 -17  -7  -7 -18  29 -16   3  -6 -19   7   6 -15  13  -5  -5  10   1  -7  -9 -10  -8 ]
[   5   4   0  -8  -9  -8  -8  10   2  -9   7  -6  -6  12 -17   3  -2  26  15   9  13   0  14  -3  -1  -6 -14   3 -16  -5  28  -1 -20  11 -14 -15  14  -3  -9   0  -3  17  -2  -6 -33   2 -11 ]
[   6  -6  -6   2  12  10  23  -2 -17   4   8  -7  -2  -6  17 -20 -13   2   2 -15  -1   7  -5  12   8   2  13 -15  15  10 -14   4   3  25  -4   2   5  21   9  -9 -11   5  -1  -8  12   9  16 ]
[  12  16  -8  17   8 -17   6  -7  12 -20 -25  11   2 -14   5   7  19 -23  14 -10  -7  -3  -8 -11   2 -11  12   9  20   7  12   8   4  -4  -1   7  17 -17  -7  -4   9 -10  -2   4 -16  -6  -1 ]
[ -10 -19  15  20   3   2   2  11  -8 -20  22  16 -11  14 -24   9   7   3  -2   1  -8 -14   2  -1 -11 -15   5   0   2  -7  11  -4   3  11 -31  -4   9  23 -13   4  -1  25  -6  -6  13  -8  -2 ]
[   7   4  23 -11   5   3  -2   5   5 -18  -6  15 -12  -8  17 -22  -1  -7   2  -2  -2 -25   3   0  -3  -3 -12  23   5 -16  -9  11   3 -21 -11  13 -10  -1  15  -2  -7 -24   7   7  -9  -6 -13 ]