[   4 -14  -2  11  12   2  -1  -5  -6  16  13  -7   9  10 -13 -15  22  -4  -3  -5  -7  -5   1   9   6  -2   1 -15  11   6  22 -11  20   9   4   1  19  -7  -2  16 ]
[   5  -4  -7 -15  10  15   6   8  15  -3   3   4  -9 -20  -6   3 -11 -13  -6   8  14 -18  -6   3  -7   7 -24  19   0   0 -15  -2  -6  -3  21   8 -11 -10  13  -2 ]
[  14  -3  13  -5  23  23   5  -9   4  12  13   5 -12  -7   4   7 -16 -17 -10  -5 -15 -16  -4  -4   0  -7 -21 -19   3  -1  -3  11  -8 -11  -5   5   5  -6   3   2 ]
[  -1  -5  -3  -3  22  14 -17  -1   0   0  19   1  14  12  16   9   7  10 -16   1 -10   8   5  -9  -2 -13  14 -11  20  14  -2   5 -15 -12  -8  -6  -1  -3  12  -8 ]
[  -3  11  15  10 -15 -16  -8  20 -13   1   1  -9  17   2 -17  -9  -7   8   7 -14  12  -6  20   7   7   6  11  -2   0  -1  36  -9   6  18 -15 -11   1   2 -10   9 ]
[  15  -1  23   6 -11  -2   5  -5  -1  19  -1   5   2 -13   3   8  -5  10  20 -35   9   2   8  13   1 -11  -9 -40   0  -7  22  -2   5   1  -9   0   7  10  -8   1 ]
[ -10  -2 -21  10   9  -4 -11   6   0   2  -1   0   1  11   6  11  -4   7 -24  20 -10  -6   5  -8 -12  14   6 -15   2  -8 -12  24  -4  -8  -3 -18  -6 -18  12 -11 ]
[   1 -12   2   8  -2 -11  13 -25 -11   4  10  -7 -10 -11   2  -7   6   5   7 -20  -4  17 -19   0  -8  13   2 -31   0  -1   4 -21  -9  -2 -15  23  13   1   2  -5 ]
[  11   7   9  -7  16  20   2   3 -16  -2  13   7   1 -20   0 -11 -11 -19 -13  -8   0  -5   2  15  15  15 -12   9  20 -13  30  -7 -11   6  -4  28  16  -2   6  -5 ]
[   4   2  -8 -13  20   4  -8  12  -5  -1  19  -9  -4  -8  11  -5  11   7  -6 -14  33   4  -8  14 -15  -2  26  -2  30  -8  16  -6 -14   3  -4  29  -2  10  -1  -5 ]
[  19  -3   2  -6  27  -3  -1   5   4  -6  22   0  -8  -6   5   1   6  -4   1   1  19 -21  -4 -10  -6   0   0  -6  15  12  32 -15 -24  -2  10  11   7  16   6  -5 ]
[ -11   2   9  13 -17  -1  -6   6  26  -9 -13  11  21   4   5  28  -4   7   0  11   6 -13  24 -14   2  -2  15   0 -10  -9  14   1 -23 -21  -3 -29 -23 -12  20  -2 ]
[  -6 -14  -8   7  -4   2  -5 -17  -3   9   1 -16   5  28   9  -7   7 -17  -5  21  -4 -10  11  -6   0 -16  21 -16 -23 -16  -8  31  -5 -20  -6 -13   0   0   4   7 ]
[   0  10   5 -16  15  24  -5   9   8   3  13  10  -4 -16   1  17 -31   6 -38   5   0  17   2  -1   5 -15  -3  31   3  14  -5  13   6  -7  -1  -5 -10   2   4 -20 ]
[  -3   6  -6  -9 -13  19  13  25  -6 -10 -22  21  -3 -25   3  24  -7  -3   6 -15   3 -19   6  12   8   1 -33 -26  11  -8 -15  15  28   6   9  -5   3  -7   0  12 ]
[ -11 -20 -15   9 -13  17  -6 -32 -12   3   8   7  35   8  17  14  18   1 -13   7  -3  29   2   0  -4  -7   3 -32  -6  -9   6  11  15  -9  -7 -10  -6 -15  18  22 ]
[   9 -12  18   5  17   8  20 -40   9  -3   7   5   1  17  -3 -12  19 -14  -2   9 -11  -3  -4   9   4 -23 -14  28 -17 -15  13  -7  15   1  13 -13   5  -3  -8  25 ]
[   2 -10 -10  14  12  -6  10  -5  29  34  -8   0   1  -8 -12  -3  21  -4   5 -11 -26 -20 -12  -4   4  -3 -27  14  -2   3   4  -9  13 -12  21 -23   4  -4  14  -4 ]
[ -21  21  -4  15   4 -24   2  12 -23 -19   2  -5  33   6 -13 -14  -8   4  -3  -7 -19  -7  -3  -1   7   0   1   8  23   8  11  -8  14   9 -11  -3  21  12  -3   5 ]
[   2 -17  -8 -14  -8  -2  -4   2  -9  -5  -6   3   2 -20   4  24 -28  -5 -19   4  12  11  12 -10  -6  19 -24   5   4  -3  24   0 -16 -18  -3   3  -4   8  36  -3 ]
[   3 -20  13   4  -2 -16   8 -16  -7 -17  10 -13  17  11  -3  13   6  -1  -5  31  -1  18   2   3  15 -39  -4   4  -7  13  -4  -2  14 -18   0 -19   8  16  -9  23 ]
[  12   6   8  -2  12   6   2   5  15   8 -15  22   5   4  34   6  32  20  -1 -16 -11   3  -2  17  19  -8   3  -7  18 -13 -12  29  -6  -3 -18   0 -19 -14  -5 -13 ]
[  -3  17 -12  10  -9 -15 -14   4 -29  -7   2 -27  -9  -5  15   6   2  -9  28  -6 -14  15 -18  -9   9   5   9  -6   7  -7 -27  10   9  -3  -9  13   2  12   0  -5 ]
[ -12  -8 -11  -9  -5   4  -8 -17 -22   2  10   0  -6  24  18   2 -19   0 -27 -11 -21   9   3   0   2   9 -18  -2  -5  -8   1   6  -8  -4 -20 -22  13   9  -7 -12 ]
[   9 -13  26 -12   1  -3   6   8   8  19   6 -18 -33   3  -3 -16  -8  -3   0   7 -19  15 -24   0  -1  -5  -9 -12 -12   8 -19 -12   2 -11 -13  14  28  18 -10   4 ]
[ -10 -14   3 -17   5 -27  -3  14  -3 -22  -3   1 -17  -4  17  13  11  15 -12  -2 -11  -1  -3  -2  18   8 -15 -28   0  -7   2   4  -8   1  -2  -4   7   3  13 -18 ]
[   7   8  -6   1  -2  29  -9  -3  -8  21  19   4  -3   1   5  17  -8   8  10 -15  -2   7   8   7   2 -22  -8  -2  16   8  -5  24  16   4 -16 -16 -17   8   5 -32 ]
[  -1   0   0  -3  -4 -11  -6  19 -24 -22 -32 -11   0 -10  18   9  -9  19  13  -8   7  10  14  -6   2  -4  22  17  -8   3   1 -24  -9  -3 -10 -27  -8  15  11  -1 ]
[   6   6 -10   1   2  -4   1 -16   0   6 -12  -7   0   8  31   2  11 -31  13   8   6   0  -6  10   8   9 -16  -2 -17  -5   3 -10  -1 -12  17   2 -11   9   2  15 ]
[  20  -4  10  19  -5   9 -12  13   3  14  22   1 -13   9   9 -30   2 -18   4   6  -4 -51  11  -5  15   8  -2  -7 -11 -10  13  24   6  15  -6  -6  -3  -9   6  22 ]
[  26  10  11   8  -2 -33  14  -8 -15 -21  -2  15   4   4   3   5 -13   3   9 -16  -4 -19  11  11  -7  26  10 -20  12 -13  24  12   1   3   3  11  -1 -14  -7   7 ]
[   2   9   1 -14  -8  -9   0   2   2 -19 -11   4 -26   2  11  -4   0  -6   0  22  11   4 -19  -7  18   4 -16   0  -3  36 -23  -7 -21  10   1  11   9   9   3  13 ]
[  -3   8   0   0 -12 -21 -33   2 -20  -2  -2   0  -5 -13  -5 -11  -8  15  22   7 -17   9   1  -1  12   7  12  -3 -20   0 -10  -3  -9  -6   3  -1  17   9  31 -20 ]
[  14   1  17   9 -21  27   1 -23   8  14   2  -6  -8   1 -13 -17  12 -28  11  12 -31  -4   2   8  14  13   1   2  15  -3  -7  -2   0   6  -3  11   0  -9 -42   2 ]
[   1 -15  10  19   7  12  11 -19  21  20 -25 -20   8  -5  -3   8  -4   2   3 -13 -21  10   3  25   2  -8 -10 -12  -1  -5   3 -13  -8 -11  -9 -11  27  -3   4  -1 ]
[ -15  -9  -5  -7  -5  -7   9   6  13 -14   7   3   7  10   2 -27  14  -1   1 -17  -4  -5  -3 -13  16 -24 -40  30  -4  15  -6  -9  19  -1  35  -3  -4  -2  -1   6 ]
[   5  -3  -2  19   0  17   0  17 -14  -4  28  14  -2  -6  14  17   4  13   4 -10  -2 -12 -14  12   4   6 -12 -23  13 -37  22  -1   7  -2   2 -14 -25  -6   5   6 ]
[   8   8 -23   3   5  23 -24 -18  -4   7  12   8   8  -5   4 -12   2  -8  11 -15   1   1  -2  16  -6 -36  17 -17  18   5  -5  25  15 -10 -12  -8  14  14 -18   5 ]
[  13  27   1  10  -8  -4  -2  26  10 -14  -6  16   4 -11   8  12  18  37  -3  -4   9  15  19  -7  17   2  20   2  -3   1  11   1 -21   7  -3   3  -7   5   2   4 ]
[  -1  15   3  -7 -13  16  11 -25  12 -17 -13  -1   9  -5   5  19 -12   8  26 -24 -11   6 -11  -4  21 -11  -5   5  -7   0  -6 -12  10 -10 -15 -29 -22  -4 -19  16 ]