[   3   3  12  -9  13  -2   5   0   5  12   3   4  -7   2  -4  16   2 -12   5   3  21  17   0 -14   7  -2  -1   0   8  -2  10 -19 -12  -8   0 ]
[   9  -1   1  -3   3 -11   6  -2   5 -22  -3  -1   1   0 -11   9  -9   2   0  -8  20  13  -2  -3   1  18  -9 -10 -10  13   2 -24   0   8   0 ]
[  -5  13   7  -8  -1  -3 -12  -1  -9   7 -10   3 -15   6   6  22   8 -12   5   8  -5  17   2   2  -4 -14   6   7 -14  -6   4  10  -4 -22 -17 ]
[ -21  -8  11 -10  -4  -3  15  -7  -2  -3 -17   0  -9   8   0  19  10   0   2  14  -1  -1   9  19  11  -6   9  -7  -2  -8   8  -1  -5 -10   1 ]
[  10   0 -10  11   8  24 -18   7  -4  10  11   2  -5  -3  12  18  -1  -8   9  14   1  -7   1 -18  -2  -7  12  12  -9  -6   4   4  -2   7 -11 ]
[  19  13  15   5   5   2 -14   7  -1  -2   6  -4  -3   1  -5  23  11  16   4 -12  23  10  -3   4 -13   6 -20  -5  -5   8  -4  -9   4 -12 -16 ]
[  14  -5  11   9   8 -12   5  14  24  -3   1 -10  11  -4   5 -10   1  10  -8  -2   7   3   2   7 -11  11 -13   7  13   1  -8 -21 -17 -16   8 ]
[   6   9 -18   0 -17  12  -3  -3 -15  -5  13 -12  12  12  -2  14   3  16  -2 -15   9 -16   3  -2   4  -9   7   3 -16  -3  -4   5  23  -1   3 ]
[ -17 -13   5  -8   5   1 -10  -2 -15  -4   5  21 -12 -11   0  13  -5  -5   1  25 -27  -4 -10   5  13  -5  19 -13  -2  -2  16   8  11   5   7 ]
[  -3   3 -10 -21   2 -14  16   0   3  -9 -10  -2  14   4 -10  -8 -14   3  15 -10   5  -6   2   2 -11   3   0   8   1   3  -6 -23  -4   2  35 ]
[   1  -6  -5  -9  12  -5  -2   2  -4  17  -5  16   3  -2  -5  -4  13 -20  -4  21   6   3 -14  -8  36  -1  12  -2   6  -5  23  -3  12   8  -1 ]
[ -25  -4  -2  -6   8   5  12   6  -4 -11  -6  21   2 -12   1  21 -26   4 -10   1  -6  -5  -3   0   4   0   0 -11   1   3   9  -6 -14  17  31 ]
[   9   2   6   0 -13  -9   0  -8 -13  -7  11  -9 -16  16   1   3   9  -7 -13   0  -6  20  20 -12 -10   6  -1  13   8  -7  -1 -10  -3 -15  -9 ]
[   4 -23   9   3   0 -25   4   2   5   2  -1 -10  -6   4   4 -17  -1  -6  -7   9   8   6 -13   6   4   9 -14 -14  -4  21  -4 -18   9 -11  -4 ]
[  -9  -1 -12  -1   1   0   9  10  12  -5 -12 -12   7 -11   3  -7 -14  11  -6 -12  14  -4   6  -9 -27   8 -25 -17  12  15 -15  -2   1   5   1 ]
[   7  -1  -1   2   5  13  18  17   9  -5 -12   1  -2  14  -3   7  -6   6  -4  10   1  -9  11 -20 -30   2 -17   4  -3   3 -12   3  -9   3   6 ]
[   7   1  -8  11  10   4  -5  -7 -14  24   5  -4   1   9   2   2  16   1  -7  -7   3  10   2   1  -2   9  10   5  27  -2   5   3 -10  -7 -21 ]
[  14  -8  10 -10   3 -15 -12 -14   5  17  23  -4  -9  23  11   0 -15 -16  -9   3 -12  30  -5  -8  -2  -1   8   6  -1   0   3  14 -12 -22  -6 ]
[   6 -21  19 -17  15  -3   3  -6   7  -7  20   6 -15  14 -15  -3   3 -10 -12   6  -6  10 -11 -16  16  14  10 -11  29   1  -3  -2  -5  15  -2 ]
[  -6   3  10  -8   0   4   0   0   8   8  -3  -6   0  20   2  14 -12  16   8 -12 -17  14 -25  -4  -8 -12   1   0  -3   5  -4   4  -3 -14   4 ]
[  -1   4 -14 -12   1  -6  -2  -6 -15 -10   7  11 -13  22  10   8  13 -16  -2  19 -15 -16   0  -6  -7  -6  29  -2  -4  -7   7  -5  -2 -18  -1 ]
[ -18   8  11 -12  -5 -11  -9  -3 -11   0  20  18  -2 -12  13 -15  24  -5 -24  -9 -24  -5  -5  12   2  -1   2   7   2  -2  -3  16   6   9   5 ]
[ -11  -7 -21 -21  -1  10  10 -18  -8  -9  -5  -9   4  -8  -1 -23   5  11   9 -15 -11   7   9   7   4   8  -8   0   2  -4  -1  -7  12  30  17 ]
[  -2  -3   7   4   7   8   0 -14 -15  11  27 -19  -1  22  16 -25  12  12  -4 -11 -25  -7  -3   4  -5   8  -9  -4  20   9   3  17   2   3   7 ]
[  10   7   4  11   6 -27  -5   0   8   2  30  -2  -3  18   6  -6  13 -17  -5  -6   9  18   9  -3  -6   6  -2  11  12  11  -8 -15  -4 -11   5 ]
[ -25  -1  11  -8 -13   6  19   1  12  16 -10  11 -22  19   4  11 -10 -11   4  10   1  12  14 -13   0  -4   0 -13   4   5  -4  -5   2  -6 -26 ]
[  -5   2   3  -9  13  12   5   7   3   0 -13 -10  -6 -10  20  11  13   9  10   2  18 -15 -17  -3   2 -20  -3  13 -12   2  18  -6  10  -7   9 ]
[  -6 -10  22  -2   3   6  -6 -14  -2   0  -1 -12   5  11 -15  19  -3  15  -4  14   2   2 -14  19   7  -8  17 -15  -3  -4  -9  -1   7  -4 -20 ]
[ -12  -6  27  12  10  -8   2  -2   8   6  -9  -8 -10 -19   8  -9  -3   9  13 -16   0  18   8  -8   9   2   4   9  18  -9  -1   3 -31 -12  -7 ]
[  -7 -15  -6  19   3  -2   0   2   6  14  22  12  -4  -2 -11  17   0  -7  -5  -4   9  11  -8 -29  -5 -13   2  -4 -17   8   4   3 -14 -24 -16 ]
[  -9  -8  14   7  -5  -7  -2  -6 -11  31  -3  -5  -9   1   2 -18 -24 -17   0   5  15   6  -1  -6  11   5   2 -10   7 -19   0   2 -10  19   0 ]
[  -1  17  10  -6  -9  -1  14  -4   4  12  -5  -5 -10  -5   3  -2 -20   7  -1 -10 -15  17   3 -11   2  -4  -2   7 -15 -10  11  34  -1  17 -20 ]
[ -11  -7 -15   5 -15  13   7  -7 -24  -8 -14  -8   0  -8  -1  -3  -5  11   9 -14  -5  -5   0  15   4 -22  -3   9 -19  11  13   6 -11  15  -4 ]
[ -19  -3  12 -15  -1  -3 -17   7  21   3  -8  15   2   1   7  18  13 -16 -17  -4   0  -2   7   8   1 -15  -7   1  14   3   9   9   5  -2   0 ]
[  26 -14  -6   0   7   2 -26  15  -6   1   3 -15  -6   5   9   6   5   8 -16   9   7   0   0  -1  14   9  21   5  -3   0   2  -5 -15 -10   6 ]