[   3   4  -5  -3   5   8 -16 -13  -4  15   6   2  13  -4  19  14   3  -2  -1   3  18   6  -7  -7 -15   4   0  10   2   3   7  -9  13   9   8  -4   2  -2   1   6 -23   1  -2  -3 -12   8 ]
[  -2  -9   1  -3   8  -4 -12 -15   5   7  -3  -1  11  -2   9   8   4 -10   1   2  20  17  -7 -18   9  -7   6   2   7  20  21   7  -7  12  12   2  -6  -7  13  -7 -13  -7  10   7   6 -13 ]
[  19  -1  -2  -2 -14   2   9  13  16  13   1   5  -9   1   1   2 -14   4  11   6  13   1 -11   5  -6 -10  -1   3   3  14   9   7 -13   3   7  -7 -11  -5   4  -5   8  -9  23   0   8  -7 ]
[   0  -1   3  -1 -11   5  -6  -9   5   9   0  -4   0  18   7   0 -14   4 -16  -6   1   4   0  -7 -22  -6   3  14  -6  -1  11  10 -16  15  13 -12   5 -25   9  -1 -12 -15  20   2   5  -6 ]
[  25   6   3  -4  10  21   4   2   3   3  11   1  -6 -14  -6  20  -6   6   3  11   1   5  -7   1   5   8  -3   1   4  17  14   5   5  -1  10   8   7  14  -7  -4  19  -5  -4 -11  -8 -12 ]
[  18  21   6 -10   5   7  -7   4   8   7   5  -5 -18  -1   7   6  -6  -6   3  -7  13 -18 -18  -2 -17   5  -9   2  -2   1  12   0  18 -11   3  -3  15   4   5  14  -1 -17 -17  -9  -8   9 ]
[  -1 -11   0   3  10 -12  -6 -25   3 -12  -4  10   2  -3   7  -1   9   1 -12  11   5   0   6  -5  -1  -8  13  12   3   6 -15 -15 -19  14   9 -11   0 -20   0  -7  -7  12  -1  17   9  -4 ]
[  -4   4   9 -13  10 -20   1 -25 -10 -24  -1  -7 -12  -1  -5  -1  11 -11  -7 -19  -1  -8 -13  -7 -10   6   5 -11   6  -2   7  14  -9   9  -1 -11   3  -8  16  -4   9  -2   1  -5  14   3 ]
[   4  24   8  -2   9  13 -14  -7   1 -11  -6   0   4  -6   4   2  -6   4 -11  -5  -8   3  10 -21 -15  -7   5  11 -11   2   2   3   3   5   8   8  29 -23 -18   8 -17 -14 -26  -5 -20  11 ]
[   1  15  14   6   9  -8  -3   3   2 -14 -22  -3   0  -5 -11   2  -2 -11  -7  12 -16 -11   8  -4  -2  -3  -6 -13  -7  -2  -3   7 -10  -3  14   1  15 -13   2  21  -2 -23  -3  -6   5   5 ]
[  -2  -4   0  -3  -5   4  -3  -6  -3  -2   5   4 -11  -2  14   6   3  19 -12 -10  -2   3  -8   7  -7  15   8   7  -3   4 -12  -5 -11  19   3 -11   2  17   8   1  15  39   3  -3  -7 -19 ]
[  -2   5  -7  12 -15  -1  -5  19  -1  19 -11   1  -3   2  -4   1 -10   9   3  -4   5  -4   1   4  10  -8 -11   4 -11   2  -3  -1   3 -15  -1 -21  -3   6   8  -2 -23  27   2   1  -4   2 ]
[  -2  -1   8  -6 -18  -3   1   4  -1 -14  -4  -3   0  -3   4   7  -6  -3   7 -10   0   7   1 -11  17   0  -5 -14   7 -12   0  20   5   7  12 -15  -8   0   2   3   2  25  18  -2   2   8 ]
[   4  20   5  15  -4   8   2  14  -7   9  -5   6  -3   5 -21  12   0  -6  -4  19   4  -9  -1  12  -4  -4   1 -12 -15   1   0  -2  -8 -18 -11  -1   9 -20  -4  -1  -6  -6 -19   0 -14  20 ]
[   5  19  -6   9   6   3 -11  15   9  17  -6  17   5   4   2  21   4 -10  -1  19  -7   7  -9 -12  -8 -10 -14 -10 -12  17  23  13   5   2  -1   6   6   5   4  10   7 -10  -4  -9 -15   5 ]
[   5   4  16  -3  17   6  -2 -20   6  -8  26  11  -3   3  -3  13  16  -6 -20   2 -14  -9  -6  -9 -18  12   4  -4  -8 -15 -10   1  -2   6  -7  -2  11 -23  14  12  16   4 -15 -15  -5   0 ]
[   9  -5  14   4   8  -5  10   1  -5   3 -13 -12   5   9  -5   4 -16   1  -5  21   3  -2  20  -3  13  -5   4  -3  -8  -6 -12   2 -11  12  14 -14   7  -5   4 -10  -5  -5  16  28   6   2 ]
[  18   2   4   0  16   0  -8 -23  -7  -3   2  -7 -17  28   6  14  -3  -7   4   8  14   0 -17 -23  21   3 -12   0  -1   7  15  -7   5 -10   0  -9  -1   2  11 -19  17  -1  -8  27   5  13 ]
[  -5   9   4  10  -7   0  16   2   2 -23  -2   1 -14   2  -5 -20  -6  -7  -4   2   3 -12 -11   6 -16   7   6   2  -7  13  -3   1 -27 -17 -10  23  -9 -15   2   5  14 -22  -1   1   1  17 ]
[ -12 -14  -8 -11   4   2  12  -3   0 -14  -1   8 -10   3  13   0  -2 -13  -8  11  10   5 -11   7  -5 -11  22  13  21  17  -1   3 -14  18  -1  10   4 -10 -11 -11  -2   0  10   7   4  -4 ]
[  -9  -7  10  -1  14  -2  -4  23  17   0   7  12  14 -17   6  -9   3  -7  -4   1   3  10  18 -20  17   0 -12 -12 -13  -3 -13  21   6  18  15  11  -7  15   0  19   2  -2 -11   9  -3 -12 ]
[  10   5  -8  -9   3   3  -6  -5 -12  -9  -1   1 -15 -12  -7  14   3  10  15  -3   7   5   2  16   3  -9   0  -7   1 -14 -18 -16 -13 -14   6 -17  -5  -1 -26  -5  -3  18  -6  10  -2  30 ]
[   3  -3  18  18  -7 -10  -4  17  16  -9  -2   4   4 -11   1  -9 -10  -7  -2 -13  10   5   5   4   1   1   2 -12  -2 -12  -6  22 -28  -2   4   2 -27 -10   8  10  -2  -7  26   6  21  -5 ]
[  11   0   4   4  27  12 -16 -44 -14 -11  -2 -11  10  -6  -1   9   8  -1 -24   6   3   9   3   4  -7   3   4  14   4  16  16  15 -16 -17   3  -4   5 -16  -2  -5 -25  -6 -10  14   6  -3 ]
[ -25  -8  -2 -13  14   8   8   3   9   1 -10 -10  -8   2  10 -30   1  -6 -16  -2   7  -3   2 -12   7  12 -12  11  16  26  10   8  -7   5  -5  13  19   9  -4   7   1 -16 -24   6   0 -27 ]
[  20  21  15  -9  -6  18   0  12  10   5  -3  -6   5 -18   2   1  -1   5  15  -4  14 -20  11  -7 -26   8  -7   0  -2   2 -12  15   3 -13  11   0  10  11   1  25  -4   8   7 -16  -8   1 ]
[  -5  -2  21   0  13  16  -9   6   5  -2   2 -15  -6   6   6 -16  -3  16   1 -11  -9  -4  12  -8 -13   1   1   0 -17 -12  -6  10   1 -19   4  19   2  13  14  11 -13  -6 -16  -1   8 -26 ]
[   7 -10   9 -22  26   2  21 -12 -11 -13  13 -11 -13 -14 -12  -9  -9 -11  -9 -11 -17 -21  -1  -9   8  12   7  -9  -3  -1  -3  15  24 -10 -10  -3   0   3   6 -13   6   6 -17  -2  21 -21 ]
[  -4  -5   3 -12  -5  -6  11   5  -3 -10   9  -9  -1  -7   3  14   1 -11   2   3 -15 -28  14  -5 -17  15   9   4   5 -31 -15 -10  14   7  -4  -6  -3 -10   6   1 -15  -3  11  -5  14  -2 ]
[  -1   5  11  -4 -11 -30 -11  12   7 -15   1  -2  -1  -7   2 -11 -15 -13  -4 -19 -19 -23   7 -11   5   6   6  11  -2  -6   1   6  19  -6   0 -12 -16 -12   6  -5 -13   1   3  -2   5  11 ]
[   9  -3   8  -9   2  10 -11  -8   3   4   0   4  -6  -1  11  -9 -12   9   9   2   4   3  -5  10 -13   7  -3  12  10 -10  -5  -6 -35  -2  -4 -11 -16 -26   6 -18  -1 -14   1   9  14 -10 ]
[   2  13  -8  -7 -17 -19  18   3   6  -3   9 -15  -8  -2   3   3  -1 -24   3   2  12 -11  -4  14  -3   4   0 -12  -2   2  -2 -10  18  -4 -16 -11  -2  -1  -1   4  -4   1  10  26   1   8 ]
[ -28 -16  -3 -22   0   3 -14 -14  -2  -2   2 -16  13   1  20 -11  -1  -2 -12 -18   8  -1   2  -1 -10   0   4  11   7   6 -12 -23  -2 -17   7   6   1  -4   7   3 -12  13   1  17 -13 -11 ]
[  22   4  10  -2 -10  29  -4   4   1   5 -13  -4 -10 -21  12   5  -9  12  -1  10 -16  -3   9   7  -8   0  -8  12   2 -23  -9   4  -7  15  12 -13  16  -2 -16  22 -10  -3  12 -25 -11 -12 ]
[  -4 -16  -4 -24  27 -10   8  12  20   2 -12   3  -1   5  -9  -9  14 -22  11  17  10   1   9 -21  17 -16   8 -17  11   7   0  19  -6 -12   1   6   2 -10 -15 -19  -3   7 -26  27   0  16 ]
[   3   4   1   5 -11   6  20   7  16   3  20   0   6  -1  -3   5 -21  15 -24  12  -1  -3   3  -1   8  10  -5   7   4   4 -16 -10 -18  14  -3  -4  -6  -9  15 -12  12 -14  10  15   5 -15 ]
[ -12  11  -2   7  -6  -5  -2   2 -18  33   2  -4  12  22   9  12   2   1  -2  22 -12  22  -9  15  10  -3  -1   4   2  14   1   2  -1  19   3  -6   6  16  21   1  -4  -5   7  12  -2  -3 ]
[  -7  -9 -26   6  -7   8  -2   9  -5  -5   3  -5  13  16   4  -5   4   4  -1   5   5  13  -4  17   1   1  24 -15   3  -1  -9 -11  13 -24 -22  20  -1  22 -12  -7  12  17   9  11   6 -15 ]
[  19  -4  -4  -6  -9  13   5   8   2  -8  -3   0  -3  -5 -13  16 -11  -4   2  15 -21   3   4  26 -17   3   9   4  15  -6 -13  -9 -17  -7  13   1  12  12  -8  15  23  -6   8   7  18 -23 ]
[ -24   5   1  -8  -9  -9 -13   2  -8  16  -2  13  10   7   2  10   3  12 -10   1  11  -4  -3   8 -27  12  -9   8   6 -13   1  -7   2  20  -1 -18  -5  12  -5 -12 -13  20 -14  21  -9  -4 ]
[  -8 -12   6  20  -2  14   7  11  13  13   7  12  -2  -5 -12 -10  12   4  10   0   1  26  -6  -6  -1  -1   8   5  22  17   8   5   1  14 -14  27  -6  27  -8 -19   9   0  17 -10   4 -25 ]
[  -4  -9   4  10   0  21   3   1   7   2   7   3 -12  21 -26  -8  -6  19  -8   0   3  25  16   8  -1  -4  -4  17 -10  21   8  22 -25 -36   3   3  -7 -16  -2 -23   1 -11  16  -8  13 -15 ]
[   3  -7   9  -3  -3   1  15   9  -7 -12  -1   4   2  14  -2   7  -8   3   0  15   0   5  10 -13  17 -14  -8  -7 -15  16 -34   2 -11  -1   4 -10  15  14  -5   8  12  13  -5   3   4 -16 ]
[   9  -9  -9   2   8 -18 -11   5  -3  -7   5   9  -5 -11  -8   6  -5 -17   4   3   7  -1   1   6   0  -6 -14   4  15   2 -11 -11 -10   4   4 -23   5   0 -24   2 -14  18  20 -10  33  13 ]
[  12  18  -4  -3  -6   5  15  19   9  18 -29  12  -3 -11  -6   3  -3  -7  -2   9  -6  -5  14   8  -8   2  -4  -3 -18  11   1  -3 -18   7  -3 -19  10   4   5   2 -19   4  -5  17 -18  -3 ]
[ -16   4   7   6 -10  -6   0 -18 -20  -8  -8  -9   8  -4  -3   4  15   2  -8 -12  17  12  -2  18 -13 -12  18   3  -5  -6  11 -23  -4  22   4 -23   1 -17  20 -25 -12 -10   2  12  -8  -6 ]