[  13  20   1  -7   5  -1  -3  -9   3   7   6   8   5  10   8  14  -9  10  13   6 -14  -9   5  -6  -4  15  -8  -4   1  -9 ]
[ -17 -19   0 -13  15   8  -6  -6  -7  -1   0 -14   2  -5   3   5  -3   3  -8   7   6  17   4  -3  11 -27  17   0  -1  -3 ]
[   1   7 -26   4   3  -2  -1   7   2   9 -14   0  10   7  -1   8  -2 -11 -11  -2  -5 -21  -2  13  11  15  -5  -3   2  11 ]
[   2   0  -2  -7  -9   7   6  -2   5  -1  19  -8  -7   0 -12  -7 -12  14   8   7   5  10  12 -14   4 -14  27   1  10  11 ]
[   0  18 -12   7 -11   1   1   6  12  16  -1  -7 -17  11  -9  -5   6 -15   3 -17   7  10 -10   8  10   4  17  12   5  15 ]
[  -3  -1 -18  -2  -2   7 -10   7  -4  29 -14 -13 -22 -10 -10  11  -4  -2   3   4   7  -6  -2 -11  19  -7  18  10   6   9 ]
[   7  -7  -7  -5   8  15  14   4  24  -2  10 -10   4   5  -2 -19   1  10  -1  -1  -4  -8   4 -22   0 -13   2  -9  -2  -3 ]
[  16  28  -4 -10  -5 -10  12  -2 -15   6  22   6   5   1   3   9  -1   9   6 -14   5   4  10  15  -9   5  -3  -4  18   9 ]
[  -4   3  14   5  -7  -3   0   5  25   0  11  10 -10  20 -23   9  -9  -1   0  -1 -14  11   0  12   0  11   6  -4  14   7 ]
[ -21   9  16   2  -3  -1   5  -9   5  -8   5  19  -2  -2 -17   9  -5  -2 -12   3   5   3 -18   8 -12  11   3   5   7  -7 ]
[  12   3  -4  15 -10   7   5  12  -5   0   6  14   4  -1  17 -21  -6  18  12  -6   4   0  17 -24 -10  11 -23   8   0  -1 ]
[  20 -15   3   8  -5 -13   8  -7   3   3   5   4 -12  -6   6  -3   1  10  18   8  -4 -14  -1 -13   0 -11  19   7  -3 -21 ]
[  20   6  -9  10   3  -6  -9   1 -13 -15  13  -2  16  15  15  13 -18  10  10  -5  14  -7  10  -7   8  10  14  -1   8   7 ]
[ -10  21 -12  -8   1  -7  -4 -15 -16 -11   5 -19   7  -2  -8  12   2  -3   4 -13   0  -7 -16   2  22  11  11  -5   4   3 ]
[  -5  -9   9   1  12   5 -10  11 -10  13 -10  11  15  11   8   8  -4   3 -17  -2  -1  -9   1 -19 -14 -15  -2   3  11 -17 ]
[  -5  -7 -16   9  19  16   5   4  18  -5  -7   6   7 -12 -14  -6  -1   2 -11  20 -14   9   3  -4  13  -1  -6  -8   0  11 ]
[   1  20  13   6  11   4  -6   1 -10 -12   0   5   7  25  -8   9   0 -21   2   1  -9  -1 -16   8   0  20 -10  -9  19 -10 ]
[  10  12  -3 -11   2 -13   8   0  -9   9  -6  -3   0   5 -12   6   4  -5  12  16 -10 -11  14  -6 -24   0  -1  -5  14  21 ]
[   9 -15 -16  21  -3   2  12  11  11 -27  -5  -3  -5 -19   1 -12  -1  15  20  -7  -2   4   5 -25  -8 -18   5  14  -9   4 ]
[  -4  -7   8  -8   1 -22   2   4 -14  16   8  -7   1  13   2  21 -15 -13   3   5  -6  -4  10   0  20   8  10 -10   8 -18 ]
[  -9  10  22  -6  11 -16  -5  -1 -12 -12  -2   1  14   8  13  -3   2  13  10 -13  -4   5  29 -13  -1  12 -11  -8  -5 -11 ]
[  12 -24  14   0   6 -13  -4   0   5  -9  20  14  -3  10   8   9   2  -9 -15  -2 -13  16   2  -1 -10   6  -3  -3 -10 -20 ]
[  -6 -15  17  11  -1  -5  -5  11 -11 -10  24 -17   8   3  -7 -14   1   3   8  -4   7  -3  14 -19   0 -20 -22   0  21   5 ]
[ -13   0  10  14   4   7   0  -6  -9   4 -15  -7   3  -8   7 -13  -9  -3  -6  -7   8  30  -3 -17  -9 -13  16   3   2 -24 ]
[  16  18 -11  -8   7  -4  23  -2  -5   4  18 -11   9   1  -6  -4   8   0   6   3  -5   5   6  -3  23   0   2  20  14   1 ]
[ -11   7  -1 -10 -16  -4  16  -5  -6   6  12   2   6 -11  13 -16  21 -17  12  -4   9  11 -16  10  -4 -12  29   1  10   8 ]
[   4 -14  -6  -1  24   2   7   6   0  16  -8   1   9  20   2 -15  -6 -18 -13 -20   4  23   4   8 -10   1   0   7 -13  -8 ]
[   2  -1  -4  -1  -3  14 -23  -1  -7  -1 -18  15   2   9 -11  15   7 -15  14 -12 -25 -10   1   0  12  13 -16  -6  -5  -2 ]
[   1   1   4 -12  14   7   2 -13  10  -7   2   6 -10   7  -5  -2   5 -17 -12 -22  -4 -11 -12  14  13 -13   9  -8  26  -9 ]
[  20  -1  -1   4 -17  -9 -22   2   6  -2   5  21 -20  14  15  -9 -20  12   5   0   7   5   0  -4 -10  15  -1   4  10 -16 ]