[ -10   4   5 -17  11   1 -10  -2  -7   7  -9 -14 -19   6   5  -8  10  -9   0  -5  -3   9   6   5 -15  -8   4  -7  -3 -15   6  10   2   3 -23   8   2  -6   8   1  -9  20 -19  18   4  -6 -13   3 ]
[   2  -1 -16  -8   6   3   2 -14  -8  20  -8 -17 -10  -4  10   0  -5  12  -2  -9  -3   2  31 -18   8   5  -9 -11   5 -21  13   3  12   8 -28  14   4   9   7   0 -10   9  -5   1  -9  11   1   1 ]
[  -5  -8  15  -6  10  -3   4  -7   2 -29  12  13  -4   4   0 -16  21 -13   4   1  -5  -6  -6   7 -14   2  -8 -10  -2   5  -8  20  -9  11  20  -1  13 -11  -6  -2 -13 -11  11   8 -21 -14  -6  -2 ]
[  -1   2 -21   0 -21   2   3  -4   6  15  -1   4  -3   7   2   0  -4   9  -5   2   5 -10  -7  -5  25 -10  -2  12 -12  11   6 -25  -1  -3   4  11  -1  13  17  -1  30 -16  -8 -11   1   5  23  -3 ]
[  -4  12 -24 -11 -12   4  -1   3   4  13   2  -9  -1   6  19   8   3  17 -21  11 -12 -10  14  -3  20  -1 -17  24  -1  17   8  -7   0   7  -2   6  -6  -5   8   0  -8  -7  20 -15  -2  16   7  12 ]
[  -5  -9  16   4   7  -4 -25   3   1 -10   2   1  17  -8  -5 -22 -22   8  10   1  11  -4 -25  -1   4  -9  -5  -2   1  -8 -15  15  10  -2  -5 -10 -12   6 -29  -1   2   4  -4   8   5  -6  -5  -2 ]
[   4  -6 -14  -6  -7   5   4   1  14  -4  -7   7  -1 -13 -18   6  -9  27  -6  15  14 -11   6  -4  21   7 -18   2  -2  -5  -2  15   4  15   0 -16 -21 -11 -17  17 -15 -12  30 -14  -7   0  -5  12 ]
[  -7 -22 -22  -2  11  -9  26   2  -4  -3   5   4 -10  -8  -5   7  -1  11   8  14   9 -20  21   4   8  15  -8  13   4   2   9   8   6  21  21   1  -5   5  -8 -10   0 -20  16 -11 -16  -4 -13  -4 ]
[  15  -2 -12  -5   6 -12   2  14 -11   7  13   5   9   5 -25   2 -22  17   4   9  32   4  10  -7  -7  -1   8  -2 -10  -2  -9   4   7  -3 -12 -14 -32   2   3   4   7  13  -2  -8   3   4 -15  -1 ]
[  -1 -29 -15  13   3   9  18 -18  10   8 -20   7 -12  -1  -2   6   2  15  18   4   3 -10  -2 -13  -2  -8  -3   2   6 -26   9  -4   5  34  12  20  15  -3  -5  10  12  -2  -9  -1 -18 -11   5  -1 ]
[ -13 -16  11   7   2  -7  -7   3   4 -11 -19   5  -4   8 -18  -1  26  -3   2  -2   5   3  -8  15  -9 -18 -19   1  -2 -18  -6  15  -6  -2  -2  -1  13 -15 -11  11   2  -2  -4  36  -5 -24  -9  18 ]
[   7  22  -2  -9  13 -15 -15  23  -6   0  18   9   3 -13 -10  -2  -6   3  -9  16  12  -2  -3   6   6   1  -7  35  11  28   8   1  -4  -4   6   1 -21  -2  -7  -2  12  -5  -7 -19  14  21  -3   0 ]
[  -6 -14   3   3   2 -11 -21  -8  -8  16 -13 -26  24  -2  14  -5  -8  11 -16 -14 -22   1   3  -2 -12  -1 -14  12  -6   3  -1  -1  -8 -10 -31   8  -7   0  11   7  -5   5 -12  21  17  -1  -4   8 ]
[   1  22   8   3 -14  18   2  -6  -2 -12   7   3 -12   2  -3  10  10   6  12  12   5  -3  13 -18  14  12  12 -34  -6   0  11  15 -18   4  -7 -12   8  -4   5  11 -21   5  13 -23  -2 -14  -3   0 ]
[  32  33  15  14  -7 -11  -2  19  -7 -12  17   3  14   3  -5  30  -6  -7  -1   5   1   3   0   2  15   1   4   5 -12   9  -4   3  -6  -8   6 -15  17  -1   3  -1  -2  21  16   2  20  12   1  10 ]
[   6   0   6 -10  -2  -1 -12   6  16   3 -10 -20 -11 -15   0   1 -21  22  -3 -22   2  -4   2   1  29 -17   6   2  -9 -28   0  -9  25  -6 -22  12   1   9   3 -10  18  -9 -11  16   9  -9   5  -2 ]
[ -14 -30   7   5 -13   2  -1 -24   5   0  -9  -4  -1  -3 -20 -13   0   6   7   0   1  -5   3   8   3  -3 -11  14  10 -12 -13  13   4  -1   6 -12 -16  -2  -7   9   6  -1   8  13 -26  -8 -21  -4 ]
[ -25   5  20   1  -2   7  -8  -6   0 -13   8   1  12   6   4 -32   9 -27  15   5   1  -2  -8   4  19 -19  -4   2   4  19   4  16 -12 -16  -5   3  -7  10  -7 -33  13  -3   7   7 -22 -22  -7  -9 ]
[   5  27  20   7  -4   8   2  -6  -4   1  23  -2  -8  28  20   0  -1   1   9  -5  -6   7  18 -14 -13  25  23 -16   3 -10  -5 -12  -8 -12 -12 -18  13  16   0  -2 -25   5   5 -14  -7   3 -19  -4 ]
[  -3  13  19   9  -7  17 -15  -3  -9   6  18   2  10  -6  12 -16  -3 -14  20  -4  10 -16  -8  -1  12  21 -10 -35  -2  -6  -4  -4  -7  -3  -3 -12  21  18 -25   2 -17  -7  -2  -6 -19  -5  14   7 ]
[  33  11  13  -6  14  10  10 -10   2  -3  29   6 -16  13  -7 -17  11 -15  17  -8  -9   2  13   6  -2  -7  14  -1 -11   1  -2 -13  13  -2   1  27  17  16  17  -2   6  15 -20  -5 -30 -11 -11  -6 ]
[  17  -7  11   2 -10 -12   7  -1   1 -12  -2  -9   7  -3  -2  13  14  15   3   0 -26   8   9  -5   4  -4  -2 -20  -7   7  15  19  -6  -7 -17  18  23  -8  10 -18 -17   8   4  -7   0  -5  -1  -8 ]
[  -7  -6 -15   2  -1 -10  10  -1  -5  33  10   1   9  12  19  -5 -19 -15  28 -17   8  -8   5   5  12 -19   0 -15  -5 -13  13  -3   0   2   0  10  21  17 -17 -25  -5   2  -7  12 -16   4   4 -10 ]
[ -33   1  -4  -4 -11 -24 -27 -11 -23   0   4  -3 -22  16  13  -9   2  14  12  -1  18  -5  25   1   5 -30 -12   0  21  -8  23  -1  11 -13 -11   3  12   5  -7 -15  22   0 -19   4   2   0   0 -18 ]
[   1   0 -17  -7   3   1   8  18 -11  -2  26 -11  12   3  20   6  -1 -17   4 -15   3   8  17  -6 -25 -14   5 -13   1  12  17  -2   8  17   8   3  13 -20  12 -29 -13  -4  -3 -15 -15 -13  -4  -7 ]
[  -4   6 -19  18  18  -6   9  16  -3  17  -9   6  24  -8  10  10  -4  -8 -10  -8 -21 -13 -12   0  -6   0  -8   8  21   0  11   5  -1 -16  13  12 -14   8 -17  -1 -10  -2  -2  13   5  19  15  -1 ]
[  -4 -17  13   1  -1 -13  29   0   6  26   1  -7   9  -2 -12  -5 -21  -3   7 -15   1   9  25   8  -1   0  11 -13   7 -24 -17   7   2   3  -4   1  -6  -4   9   9  -4  11  -4  11 -19   0  -3   2 ]
[  -1   5   4   4 -16  -7 -29  -1 -16  13  16  -7   0  15  -4   6  39  -4  10  -2 -17   0 -11  -6  -6 -11   7  -8 -24   9  -9   5  -2 -28  -1   5  -1   2  15   1  -9  28 -25   2  14   7   4   3 ]
[   3   5  22  -5  -9   3 -12  -4 -17   4 -19  -7   1   1  -2   7  -6 -19  12  11  -2  12   3 -20  14  -1   0  -8   4   6  17   9 -25 -11  -1  10  19   8  10  -7  10  17  -7   8   8  23   6 -26 ]
[   8   0   3   1  15  25  -9   2  -7 -12 -31 -28   2   0  18   4   2   4 -18  -8   6  10   8 -12   1  -1  -5 -18 -10  12   9  13   1  -7 -32   0  -7   0  -3  12 -17  16  16   8  13  -2   2   1 ]
[ -17  20  -9   7  -8  16  -9   0  -8   1   3  -2   9  17  22   2  30 -16  13  10   2   5  -8   3 -10 -17  12  -8 -25  -1 -11  -6 -13   5  -5  -9  32 -21  19   4  17  19 -11  22  26  -4  12  16 ]
[  -1  -7   3 -16  -1  -1  -2   7  -6  -9  21 -29  11  -8  -4   6  -1   9  20  -1  -1 -27  -1  -9   4  13   5  -7 -16 -17   0   5   0  26  -5 -24   2   0 -10 -17 -17   4   1  -1  -2   5 -17  -9 ]
[  15 -17  -6   7  14 -15  24   4  -5   6  -7   1  -2 -14  -6   1   2   2  10   6 -19  10  21 -12   0  27   1  -1  -3 -14  -4  -5  13 -22 -30   7 -23   4   1 -12   9   1  -4  11  10  -9 -17  -5 ]
[  10  -6 -13  -5  -6  31   6  -7   5  -4  -3  -1  -9  -5  16 -11 -23  -7   8 -12  -4  14  -8  10  12 -10 -10 -15  -9 -17 -11  15  17  32 -13   6   3 -24   1  -5 -18   7  12   3 -10  -9   4  -1 ]
[  22 -12  14  -3  15  -9  19 -12  -6 -10  22   3   9 -16  10  -3   5  14  12  -4 -12 -15   3 -23 -26  15  22 -18  10 -14 -26  -7  -7   5  14 -20   0  -4  -2  -1   4  -4  -3  -6  -7  -2  16  -8 ]
[  14  25  16   2 -22  -4   4 -10  12  -8 -23  10 -23  12 -35  -2  -4 -12   8  -1  -6  13 -28  14  -4  13  11  -1  -5 -24  12   2  14   0   0  -3  12 -15  20  20  10  14 -21   7  13   4  -6   0 ]
[   8   2   8 -30   1  -2 -35 -11  -6   1  -2  13  -4  -3  -8 -12  -2  -7  -3  -9 -15  -3 -17  17 -16  -1 -37 -10  -9  27 -18  18   0  -9  16  -3  -2 -17 -20  10 -31 -13   3  13  -1   2  10   1 ]
[   7 -29   6   2   1  -5  13  18   6   3  17 -13  20   4  -2  10   6  -5  -1 -21 -17  -5   4 -12   3  18   1  -6   0  14 -22 -14  11  -8  11  -8  12   1  -9  11 -21 -20  -5   7   4 -22  19  13 ]
[  16 -30  22   9  -7  13  10 -22  17 -27 -10   5 -18   9  16  17   5   3  11   7  -6  -7 -14  -2  -3   9  22  -1 -11 -13   5   3   3   8   4 -10  20   1   2  18  10   9  -8  -7   0 -22 -30  -8 ]
[   2  -2  12   9 -16  19 -26  18  20   6  -3   6  24   3 -17   3  -3  17  15  15  -1 -14 -11  -9   4   8 -14 -10  20  -5  -4  -6   7  -7 -10  -1   2  -2 -26   9   8   0 -10 -16   0 -14 -14  -4 ]
[ -17  10 -16  -8 -17   0 -29   4 -17   5   3  -1   8  15  -5  -4  -5   1   1  25  26   4  -7  22  15 -17   4  12  -6   9  -4  -7   5  28  -4  -2  -7  -6  19 -10  16  23 -12 -15 -14   6  -8   7 ]
[  23   3  11  -3  -4   1  11   6 -10   2 -18 -10   9   3 -13 -16  -7 -14 -18   8  -2  24 -10   1  -8   1  20   5 -22  22 -25   6  -1   6 -19 -14 -25 -16   4   4   1  17   1   5  20  -5  -7  -3 ]
[  -5   3  10  -6   5 -15 -14   8  -7  28  10  16 -12   7 -18 -11 -12  11  -2   2  16   5   8 -12 -31 -34 -24  15  11 -28   2   1  12   1  -3  -9  -1 -17 -12 -13  -6  -2 -19   3 -13  10 -24   6 ]
[  32  20  24  -1  15   7   5   0  22   7  -3 -13 -29 -22  -4  14  16  -5  -1  -5  12  13  13  -1   7  13   4  -6   0 -13 -17 -13  -3  -3 -17  14  -7  16   2  25  -3   9 -12   4  13  -5   7  28 ]
[  -1  26   0 -13  -2   1 -17  12  34 -12   6  -5 -26  -3   6 -17  10  19  -8   5 -20   3 -20  15   5  -9  11 -19  -4  18  -5  27  -5  -8  -8   8  -8  -6 -11  27  -3  -9  -1   7  16  12  -3  -9 ]
[   1 -32 -28 -10  11  13 -16  16   3  12  -4 -24  -3  -5  29   1 -15  12  -4 -13  -9  -4   9   9   9 -17  14   8   8 -10   3 -20   1  15   3  25   8  -3   0  -2  15  -3 -31  21  12   7   9  -2 ]
[  -5   4  11  11 -11 -21  22  20   0   3  -3   8  -5  15 -18  25   3  15  19  -9  13   2  11  19 -16 -14  22  -3  -2 -10  -1   9   0   2   9 -32  19 -13   4  -4  10  33 -16  13  13  -1 -34   3 ]
[  28 -35  10  12   5  24  26 -14  -1   0  12 -19  23 -14  -1   6  -2 -13  -6 -24 -26  14   6   4 -21  18  -1 -23 -10   7  11 -21   3  -4  11  -2  18   6 -19 -13 -18  -7   7   0 -17  -1  -1 -16 ]